3 0.31640625 0.49765625 0.046875 0.04609375
3 0.37734375 0.1140625 0.03515625 0.0375
3 0.3421875 0.18203125 0.040625 0.03671875
3 0.54609375 0.08515625 0.04296875 0.04453125
3 0.55703125 0.17578125 0.04453125 0.04609375
3 0.66640625 0.153125 0.04140625 0.03984375
3 0.73671875 0.2625 0.0203125 0.0234375
3 0.72578125 0.33984375 0.04375 0.0390625
3 0.5859375 0.496875 0.04375 0.0515625
3 0.6859375 0.49453125 0.028125 0.0265625
3 0.796875 0.490625 0.040625 0.046875
3 0.69609375 0.5453125 0.04375 0.040625
3 0.8171875 0.59921875 0.03125 0.03984375
3 0.59375 0.6125 0.03828125 0.0359375
3 0.4703125 0.5265625 0.0375 0.03671875
3 0.2984375 0.60078125 0.03671875 0.03671875
3 0.37109375 0.59765625 0.03828125 0.03359375
3 0.31640625 0.68046875 0.0546875 0.05234375
3 0.4390625 0.6625 0.03828125 0.03671875
3 0.3734375 0.75078125 0.034375 0.034375
3 0.50234375 0.76796875 0.03515625 0.03984375
3 0.61796875 0.71875 0.04296875 0.05390625
3 0.3625 0.9046875 0.03203125 0.0328125
3 0.43515625 0.87734375 0.02421875 0.0265625
3 0.43828125 0.94765625 0.04453125 0.046875
3 0.4921875 0.93359375 0.03984375 0.03984375
3 0.58515625 0.91875 0.03359375 0.03671875
3 0.67265625 0.87578125 0.03828125 0.04140625
3 0.75703125 0.8734375 0.0375 0.0421875
3 0.81953125 0.86640625 0.02734375 0.04140625
3 0.74296875 0.7359375 0.04140625 0.04375
3 0.24453125 0.3078125 0.04375 0.05