2 0.51484375 0.07265625 0.059375 0.071875
2 0.24453125 0.175 0.02578125 0.03203125
2 0.3671875 0.1828125 0.034375 0.04296875
2 0.2734375 0.2296875 0.02109375 0.01875
2 0.67890625 0.16796875 0.01796875 0.01875
2 0.80546875 0.23125 0.03671875 0.0375
2 0.55703125 0.20703125 0.02890625 0.03125
2 0.50703125 0.275 0.05859375 0.05078125
2 0.2515625 0.35703125 0.015625 0.01640625
2 0.53671875 0.36484375 0.028125 0.03515625
2 0.409375 0.4359375 0.03203125 0.03125
2 0.7578125 0.39296875 0.05859375 0.06953125
2 0.3046875 0.503125 0.0140625 0.01640625
2 0.30859375 0.5375 0.0171875 0.01953125
2 0.26015625 0.55546875 0.02421875 0.02578125
2 0.5296875 0.4546875 0.034375 0.03203125
2 0.50625 0.50859375 0.0171875 0.01640625
2 0.5765625 0.4921875 0.0171875 0.0171875
2 0.5671875 0.56015625 0.02421875 0.0265625
2 0.81171875 0.55078125 0.02109375 0.0171875
2 0.72734375 0.5734375 0.02109375 0.0234375
2 0.63984375 0.6109375 0.01953125 0.02578125
2 0.69453125 0.62109375 0.03671875 0.03359375
2 0.46640625 0.62734375 0.0578125 0.0515625
2 0.24296875 0.6828125 0.03515625 0.0375
2 0.27734375 0.7234375 0.03125 0.02421875
2 0.3890625 0.7046875 0.0703125 0.08046875
2 0.45 0.71484375 0.02109375 0.0265625
2 0.728125 0.70078125 0.0265625 0.01875
2 0.64765625 0.7546875 0.025 0.0234375
2 0.77109375 0.7703125 0.02109375 0.02109375
2 0.80703125 0.85703125 0.0265625 0.03046875
2 0.7640625 0.86328125 0.02578125 0.021875
2 0.52734375 0.77890625 0.0359375 0.03359375
2 0.565625 0.79921875 0.02109375 0.02578125
2 0.60703125 0.8078125 0.01875 0.01953125
2 0.70078125 0.9421875 0.01953125 0.01875
2 0.80234375 0.96015625 0.0265625 0.03125
2 0.59375 0.928125 0.025 0.02578125
2 0.47734375 0.825 0.01875 0.021875
2 0.49375 0.925 0.01953125 0.01796875
2 0.43359375 0.8796875 0.0171875 0.0203125
2 0.3140625 0.84140625 0.0171875 0.0203125
2 0.27109375 0.85703125 0.02734375 0.03046875
2 0.37734375 0.9609375 0.01796875 0.0171875