1 0.17421875 0.0046875 0.015625 0.009375
1 0.397265625 0.00546875 0.01796875 0.0109375
1 0.292578125 0.014453125 0.04140625 0.02890625
1 0.366015625 0.003125 0.01796875 0.00625
1 0.501171875 0.0203125 0.07734375 0.040625
1 0.194140625 0.004296875 0.01640625 0.00859375
1 0.27890625 0.005859375 0.01875 0.01171875
1 0.356640625 0.009375 0.02109375 0.01875
1 0.45703125 0.00625 0.0171875 0.0125
1 0.4890625 0.01484375 0.0390625 0.0296875
1 0.422265625 0.009375 0.02109375 0.01875
1 0.5375 0.072265625 0.0046875 0.02265625
1 0.37421875 0.1390625 0.02109375 0.0171875
1 0.5 0.1953125 0.01875 0.0203125
1 0.203125 0.0546875 0.02109375 0.03515625
1 0.2703125 0.16796875 0.0203125 0.0203125
1 0.42890625 0.2171875 0.05234375 0.090625
1 0.17421875 0.25 0.0265625 0.01953125
1 0.3328125 0.26796875 0.01640625 0.02265625
1 0.1796875 0.36953125 0.0296875 0.03125
1 0.2375 0.40234375 0.053125 0.05
1 0.3625 0.4453125 0.01875 0.0203125
1 0.46640625 0.475 0.01953125 0.028125
1 0.240234375 0.534375 0.02109375 0.0109375
1 0.344921875 0.534375 0.01640625 0.0109375
0 0.58203125 0.02265625 0.01875 0.01796875
0 0.550390625 0.1375 0.02109375 0.03125
0 0.71015625 0.11171875 0.02265625 0.03046875
0 0.73671875 0.1859375 0.01640625 0.028125
0 0.921875 0.090625 0.01953125 0.02734375
0 0.88046875 0.15625 0.03359375 0.0390625
0 0.96171875 0.2015625 0.040625 0.046875
0 0.994921875 0.317578125 0.01015625 0.03359375
0 0.9234375 0.31640625 0.0359375 0.02421875
0 0.73984375 0.2765625 0.01953125 0.02109375
0 0.78671875 0.32421875 0.02421875 0.03046875
0 0.80625 0.3609375 0.02421875 0.02421875
0 0.7703125 0.4109375 0.02109375 0.021875
0 0.959375 0.4453125 0.028125 0.0296875
0 0.549609375 0.254296875 0.01953125 0.05703125
0 0.545703125 0.276171875 0.01171875 0.02265625
0 0.61953125 0.31328125 0.02109375 0.0296875
0 0.67421875 0.28671875 0.0234375 0.025
0 0.625 0.38671875 0.02421875 0.03203125
0 0.546484375 0.378515625 0.01328125 0.02734375
0 0.5515625 0.440234375 0.0234375 0.03046875
0 0.665625 0.5046875 0.0359375 0.028125
0 0.783203125 0.525 0.04296875 0.0296875
1 0.1046875 0.544921875 0.0203125 0.01015625
1 0.261328125 0.54765625 0.02578125 0.015625
1 0.376953125 0.546484375 0.02109375 0.01328125
1 0.328515625 0.544140625 0.02421875 0.00859375
1 0.487109375 0.548046875 0.02578125 0.01640625
1 0.48125 0.54765625 0.0234375 0.015625
1 0.43203125 0.548046875 0.0296875 0.01640625
1 0.195703125 0.557421875 0.08203125 0.03515625
1 0.103125 0.5515625 0.0484375 0.0234375
1 0.2375 0.56796875 0.02734375 0.02890625
1 0.375 0.546484375 0.021875 0.01328125
1 0.480078125 0.558984375 0.01640625 0.03828125
1 0.50546875 0.66875 0.059375 0.04140625
1 0.278125 0.6734375 0.0234375 0.02890625
1 0.08359375 0.69375 0.02578125 0.025
1 0.18359375 0.73984375 0.01640625 0.01875
1 0.07890625 0.84765625 0.0734375 0.0640625
1 0.35078125 0.8953125 0.01875 0.01953125
1 0.31796875 0.96484375 0.02265625 0.025
1 0.44296875 0.80390625 0.01796875 0.0203125
1 0.530078125 0.87109375 0.01953125 0.0234375
1 0.26015625 0.996484375 0.0296875 0.00703125
0 0.5734375 0.545703125 0.028125 0.01171875
0 0.64765625 0.546484375 0.0203125 0.01328125
0 0.801171875 0.547265625 0.02890625 0.01484375
0 0.748828125 0.546484375 0.02421875 0.01328125
0 0.918359375 0.547265625 0.01796875 0.01484375
0 0.896875 0.544921875 0.025 0.01015625
0 0.73828125 0.5453125 0.01875 0.0109375
0 0.54296875 0.544140625 0.00625 0.00859375
0 0.562109375 0.54609375 0.02578125 0.0125
0 0.755859375 0.54765625 0.03203125 0.015625
0 0.810546875 0.54609375 0.02109375 0.0125
0 0.880078125 0.548046875 0.03359375 0.01640625
0 0.99375 0.544921875 0.0125 0.01015625
0 0.955859375 0.54921875 0.04140625 0.01875
0 0.987109375 0.546875 0.02578125 0.0140625
0 0.98828125 0.60859375 0.0234375 0.025
0 0.95546875 0.578125 0.0234375 0.0234375
0 0.789453125 0.5484375 0.02890625 0.0171875
0 0.86171875 0.6484375 0.02890625 0.03203125
0 0.9390625 0.67734375 0.0203125 0.0265625
0 0.709375 0.54921875 0.0265625 0.01875
0 0.54921875 0.551171875 0.01875 0.02265625
0 0.5484375 0.587890625 0.0171875 0.06484375
0 0.65078125 0.56328125 0.02890625 0.03671875
0 0.59375 0.6265625 0.03203125 0.0265625
0 0.6703125 0.6328125 0.02421875 0.025
0 0.56640625 0.778125 0.02578125 0.02578125
0 0.68671875 0.728125 0.04140625 0.04296875
0 0.66328125 0.81796875 0.02109375 0.01640625
0 0.57578125 0.865625 0.0203125 0.01953125
0 0.546875 0.86953125 0.0140625 0.0296875
0 0.81953125 0.7359375 0.06875 0.0484375
0 0.92421875 0.81171875 0.028125 0.02578125
0 0.8046875 0.84453125 0.0234375 0.0234375
0 0.994140625 0.901171875 0.01171875 0.02890625
0 0.92734375 0.909375 0.01953125 0.0203125
0 0.8453125 0.95546875 0.03359375 0.0328125
0 0.6875 0.91484375 0.02890625 0.02421875
0 0.545703125 0.9578125 0.01171875 0.03125
0 0.63359375 0.992578125 0.0296875 0.01484375