1 0.1796875 0.07265625 0.015625 0.01875
1 0.403125 0.05703125 0.01796875 0.021875
1 0.2984375 0.17421875 0.04140625 0.05859375
1 0.371875 0.1953125 0.01796875 0.01328125
1 0.5078125 0.1234375 0.0796875 0.08125
1 0.6484375 0.08046875 0.02109375 0.0265625
1 0.75234375 0.15078125 0.02421875 0.0296875
1 0.6453125 0.23125 0.02734375 0.03125
1 0.56796875 0.24921875 0.02421875 0.02734375
1 0.2 0.23515625 0.01640625 0.0171875
1 0.284375 0.28359375 0.01875 0.02421875
1 0.3625 0.24765625 0.02109375 0.03828125
1 0.4625 0.26484375 0.0171875 0.02578125
1 0.49453125 0.31171875 0.0390625 0.06015625
1 0.428125 0.34296875 0.02109375 0.03828125
1 0.675 0.34375 0.02421875 0.0234375
1 0.54921875 0.42578125 0.0171875 0.02265625
1 0.6890625 0.478125 0.03125 0.02734375
1 0.3796875 0.4921875 0.02109375 0.0171875
1 0.50546875 0.5484375 0.01875 0.0203125
1 0.20859375 0.4078125 0.02109375 0.03515625
1 0.27578125 0.52109375 0.0203125 0.0203125
1 0.434375 0.5703125 0.05234375 0.090625
1 0.1796875 0.603125 0.0265625 0.01953125
1 0.33828125 0.62109375 0.01640625 0.02265625
1 0.603125 0.5890625 0.03671875 0.0578125
1 0.58046875 0.6546875 0.01953125 0.0203125
1 0.68125 0.765625 0.0203125 0.028125
1 0.18515625 0.72265625 0.0296875 0.03125
1 0.24296875 0.75546875 0.053125 0.05
1 0.36796875 0.7984375 0.01875 0.0203125
1 0.471875 0.828125 0.01953125 0.028125
1 0.24609375 0.89453125 0.02109375 0.025
1 0.35078125 0.890625 0.01640625 0.0171875
1 0.5734375 0.89921875 0.02578125 0.0296875