1 0.575390625 0.022265625 0.00859375 0.02109375
1 0.5296875 0.240625 0.034375 0.01796875
1 0.546484375 0.460546875 0.02578125 0.01796875
1 0.47578125 0.378125 0.01484375 0.01640625
1 0.4234375 0.30234375 0.02734375 0.02578125
1 0.38203125 0.4046875 0.02421875 0.01953125
1 0.397265625 0.4390625 0.10859375 0.0609375
1 0.30234375 0.3921875 0.01796875 0.02109375
1 0.33203125 0.2765625 0.01953125 0.0359375
1 0.30078125 0.3515625 0.0203125 0.01796875
1 0.271875 0.46328125 0.0140625 0.0109375
1 0.41484375 0.1765625 0.01875 0.01953125
1 0.4421875 0.07109375 0.0171875 0.021875
1 0.36640625 0.021484375 0.090625 0.04296875
1 0.3140625 0.1140625 0.021875 0.01796875
1 0.1640625 0.458984375 0.03125 0.02109375
1 0.1859375 0.4046875 0.028125 0.02265625
1 0.25859375 0.34921875 0.0296875 0.03359375
1 0.21484375 0.2671875 0.0296875 0.02890625
1 0.1796875 0.209375 0.0484375 0.053125
1 0.1125 0.29765625 0.0203125 0.01640625
1 0.13671875 0.08359375 0.0203125 0.0171875
1 0.0375 0.290625 0.025 0.01875
1 0.04140625 0.20625 0.0234375 0.0203125
1 0.04375 0.1015625 0.01875 0.01640625
0 0.96875 0.4234375 0.03203125 0.0265625
0 0.91640625 0.459765625 0.0328125 0.01953125
0 0.97109375 0.29375 0.02578125 0.03203125
0 0.8890625 0.35703125 0.021875 0.02109375
0 0.87578125 0.25859375 0.0296875 0.02578125
0 0.8765625 0.20390625 0.01796875 0.01484375
0 0.84375 0.13046875 0.02109375 0.0265625
0 0.8390625 0.07734375 0.0265625 0.034375
0 0.765625 0.06171875 0.02265625 0.02265625
0 0.76328125 0.15390625 0.03671875 0.0234375
0 0.76875 0.25390625 0.03828125 0.0234375
0 0.71875 0.20625 0.0296875 0.02265625
0 0.625 0.153125 0.0265625 0.0203125
0 0.74296875 0.28984375 0.03359375 0.02265625
0 0.77109375 0.3484375 0.03046875 0.04609375
0 0.77734375 0.42421875 0.0203125 0.02734375
0 0.68359375 0.34765625 0.0265625 0.02265625
0 0.659375 0.33515625 0.02734375 0.025
0 0.596875 0.40234375 0.0296875 0.0328125
0 0.5859375 0.462109375 0.0125 0.01484375
0 0.58359375 0.358984375 0.0078125 0.01796875
0 0.584765625 0.34921875 0.01015625 0.01875
0 0.5859375 0.22734375 0.0125 0.0203125
0 0.59140625 0.087109375 0.0234375 0.04296875
0 0.586328125 0.166796875 0.01328125 0.02265625
0 0.585546875 0.055078125 0.01171875 0.02421875
0 0.58671875 0.3265625 0.0140625 0.0296875
0 0.58515625 0.243359375 0.0109375 0.02109375
0 0.58671875 0.335546875 0.0140625 0.02890625
0 0.586328125 0.388671875 0.01328125 0.02265625
0 0.5875 0.150390625 0.015625 0.02421875
0 0.592578125 0.22265625 0.02578125 0.0625
0 0.586328125 0.318359375 0.01328125 0.01953125
0 0.58515625 0.387109375 0.0109375 0.02734375
0 0.586328125 0.225390625 0.01328125 0.02265625
1 0.56953125 0.68984375 0.0203125 0.03125
1 0.483984375 0.474609375 0.02578125 0.01015625
1 0.447265625 0.474609375 0.01953125 0.01015625
1 0.419921875 0.475390625 0.01796875 0.01171875
1 0.344140625 0.4765625 0.02578125 0.0140625
1 0.3359375 0.4734375 0.0296875 0.0078125
1 0.28671875 0.53984375 0.02265625 0.01875
1 0.44296875 0.715625 0.02734375 0.0203125
1 0.3859375 0.63515625 0.02265625 0.021875
1 0.38828125 0.77109375 0.01953125 0.02109375
1 0.42734375 0.82109375 0.025 0.01953125
1 0.36328125 0.9015625 0.02578125 0.02421875
1 0.21953125 0.90859375 0.02421875 0.02109375
1 0.26796875 0.8359375 0.05390625 0.0484375
1 0.21015625 0.76953125 0.0421875 0.03984375
1 0.2359375 0.479296875 0.0171875 0.01953125
1 0.02578125 0.48671875 0.03203125 0.02734375
1 0.00625 0.475 0.0125 0.0109375
1 0.00625 0.473046875 0.0125 0.00703125
1 0.015625 0.59140625 0.025 0.02265625
1 0.00546875 0.596484375 0.0109375 0.02734375
1 0.00390625 0.678125 0.0078125 0.015625
1 0.00703125 0.7296875 0.0140625 0.021875
1 0.005859375 0.73125 0.01171875 0.0203125
1 0.005078125 0.726953125 0.01015625 0.02109375
1 0.008984375 0.69921875 0.01796875 0.028125
1 0.00546875 0.628125 0.0109375 0.01875
1 0.0109375 0.5625 0.021875 0.021875
1 0.01015625 0.477734375 0.0203125 0.01640625
1 0.005859375 0.474609375 0.01171875 0.01015625
1 0.00625 0.475 0.0125 0.0109375
1 0.005859375 0.533203125 0.01171875 0.01640625
1 0.0078125 0.612109375 0.015625 0.02890625
1 0.013671875 0.866015625 0.02734375 0.06171875
1 0.0671875 0.8 0.0265625 0.021875
1 0.163671875 0.471875 0.01328125 0.0046875
2 0.9796875 0.93203125 0.01953125 0.0171875
2 0.951953125 0.8265625 0.09609375 0.090625
2 0.98671875 0.69375 0.0265625 0.046875
2 0.95546875 0.5640625 0.01953125 0.0203125
2 0.95078125 0.49140625 0.02109375 0.01640625
2 0.88671875 0.68515625 0.0203125 0.02109375
2 0.7875 0.83671875 0.0265625 0.02421875
2 0.78828125 0.72109375 0.04140625 0.04140625
2 0.790625 0.58828125 0.03203125 0.021875
2 0.84375 0.49921875 0.03046875 0.03359375
2 0.72421875 0.92890625 0.0390625 0.04140625
2 0.6328125 0.890625 0.0375 0.03359375
2 0.7203125 0.79140625 0.02890625 0.025
2 0.696875 0.59921875 0.02265625 0.02265625
2 0.61015625 0.75 0.05859375 0.06953125
2 0.60390625 0.55859375 0.0328125 0.02265625
2 0.5859375 0.475390625 0.0125 0.01171875
2 0.589453125 0.70625 0.01953125 0.034375
2 0.589453125 0.987890625 0.01953125 0.02421875
2 0.585546875 0.88515625 0.01171875 0.0234375
2 0.587890625 0.516796875 0.01640625 0.03046875
2 0.5859375 0.560546875 0.0125 0.02578125
2 0.596484375 0.767578125 0.03359375 0.06640625
2 0.586328125 0.9078125 0.01328125 0.0328125
2 0.587109375 0.944140625 0.01484375 0.03046875