1 0.31875 0.04921875 0.01953125 0.01875
1 0.371875 0.03671875 0.01875 0.0203125
1 0.403125 0.10703125 0.0171875 0.0203125
1 0.290625 0.171875 0.0328125 0.02890625
1 0.5625 0.07734375 0.01640625 0.01875
1 0.4421875 0.21015625 0.02109375 0.0140625
1 0.58125 0.23984375 0.01640625 0.0203125
1 0.32578125 0.25234375 0.0171875 0.015625
1 0.4984375 0.26015625 0.02890625 0.01796875
1 0.7859375 0.0609375 0.01875 0.0234375
1 0.6796875 0.178125 0.040625 0.0578125
1 0.75390625 0.1984375 0.01640625 0.01328125
1 0.74296875 0.2515625 0.01875 0.0390625
1 0.6640625 0.2890625 0.01953125 0.02578125
1 0.8078125 0.346875 0.02109375 0.04140625
1 0.58984375 0.409375 0.01796875 0.034375
1 0.234375 0.40390625 0.0171875 0.01953125
1 0.36875 0.3921875 0.0203125 0.02578125
1 0.45234375 0.46328125 0.01640625 0.01484375
1 0.528125 0.515625 0.02578125 0.02734375
1 0.42578125 0.55703125 0.01953125 0.02421875
1 0.35390625 0.54140625 0.1359375 0.10859375
1 0.43828125 0.63671875 0.02109375 0.01796875
1 0.55390625 0.60703125 0.0359375 0.01953125
1 0.47890625 0.63828125 0.01796875 0.0203125
1 0.3671875 0.6671875 0.0109375 0.0140625
1 0.24921875 0.6625 0.01875 0.0234375
1 0.65390625 0.52421875 0.01953125 0.01875
1 0.759375 0.496875 0.021875 0.0171875
1 0.81015625 0.57265625 0.0453125 0.090625
1 0.71640625 0.625 0.01796875 0.021875
1 0.2734375 0.74765625 0.03046875 0.02890625
1 0.36875 0.775 0.0265625 0.03125
1 0.42578125 0.753125 0.02265625 0.028125
1 0.48125 0.68046875 0.03359375 0.0296875
1 0.56328125 0.72421875 0.02890625 0.0296875
1 0.62109375 0.759375 0.053125 0.0484375
1 0.5328125 0.8265625 0.01640625 0.0203125
1 0.746875 0.80234375 0.0171875 0.0203125
1 0.53984375 0.9015625 0.01875 0.025
1 0.62421875 0.89765625 0.0203125 0.0234375
1 0.72890625 0.8953125 0.01640625 0.01875