1 0.0046875 0.177734375 0.009375 0.01953125
1 0.005078125 0.23125 0.01015625 0.01875
1 0.005078125 0.2625 0.01015625 0.0171875
1 0.00703125 0.15 0.0140625 0.0328125
1 0.0046875 0.421484375 0.009375 0.01640625
1 0.003515625 0.301171875 0.00703125 0.02109375
1 0.00390625 0.18515625 0.0078125 0.0171875
1 0.004296875 0.357421875 0.00859375 0.02890625
1 0.11796875 0.09375 0.01953125 0.0171875
1 0.10625 0.228125 0.02578125 0.0203125
1 0.17734375 0.31171875 0.01484375 0.01640625
1 0.2296875 0.3875 0.02734375 0.02578125
1 0.27109375 0.28515625 0.02421875 0.01953125
1 0.25546875 0.21328125 0.10859375 0.1359375
1 0.35078125 0.29765625 0.01796875 0.02109375
1 0.320703125 0.4125 0.01953125 0.034375
1 0.35234375 0.33828125 0.0203125 0.01796875
1 0.38125 0.2265625 0.0140625 0.0109375
1 0.3765625 0.10859375 0.0234375 0.01875
1 0.38984375 0.340234375 0.0203125 0.03359375
1 0.46328125 0.0140625 0.02109375 0.0203125
1 0.408984375 0.170703125 0.01796875 0.02578125
1 0.406640625 0.286328125 0.01328125 0.02109375
1 0.503125 0.23828125 0.01796875 0.02421875
1 0.44921875 0.396875 0.0328125 0.02578125
1 0.4078125 0.390625 0.015625 0.0234375
1 0.5515625 0.34140625 0.0328125 0.0296875
1 0.63984375 0.10546875 0.0703125 0.08203125
1 0.5546875 0.018359375 0.046875 0.03671875
1 0.74921875 0.146875 0.02890625 0.02734375
1 0.70703125 0.284375 0.02734375 0.021875
1 0.73828125 0.38984375 0.04296875 0.01640625
1 0.849609375 0.407421875 0.04140625 0.04453125
1 0.8546875 0.1875 0.02890625 0.0234375
1 0.875 0.00625 0.025 0.0125
1 0.92109375 0.09296875 0.01875 0.01640625
1 0.98515625 0.35234375 0.0203125 0.01796875
0 0.004296875 0.7828125 0.00859375 0.01875
0 0.0078125 0.725 0.015625 0.0421875
0 0.007421875 0.910546875 0.01484375 0.02265625
0 0.00703125 0.937109375 0.0140625 0.01640625
0 0.005078125 0.940234375 0.01015625 0.01953125
0 0.007421875 0.987109375 0.01484375 0.02421875
0 0.0109375 0.997265625 0.021875 0.00546875
0 0.06015625 0.97109375 0.021875 0.02109375
0 0.0140625 0.625390625 0.028125 0.03984375
0 0.00546875 0.734765625 0.0109375 0.02421875
0 0.007421875 0.819921875 0.01484375 0.02109375
0 0.00625 0.875 0.0125 0.0234375
0 0.0359375 0.82578125 0.03203125 0.02421875
0 0.028125 0.65390625 0.02734375 0.02734375
0 0.08984375 0.75078125 0.03046875 0.0265625
0 0.15390625 0.86640625 0.028125 0.0359375
0 0.182421875 0.98125 0.04609375 0.0375
0 0.26875 0.97734375 0.02421875 0.01953125
0 0.25 0.68515625 0.0375 0.03515625
0 0.3203125 0.65234375 0.04140625 0.03203125
0 0.3375 0.83984375 0.02109375 0.0125
0 0.396875 0.84609375 0.00625 0.0203125
0 0.38515625 0.94921875 0.02265625 0.0171875
0 0.40546875 0.5375 0.0109375 0.0265625
0 0.40703125 0.708203125 0.0140625 0.02265625
0 0.405859375 0.781640625 0.01171875 0.02734375
0 0.411328125 0.95390625 0.02265625 0.046875
0 0.421484375 0.8828125 0.04296875 0.06875
0 0.405859375 0.81640625 0.01171875 0.0296875
0 0.40703125 0.975390625 0.0140625 0.03046875
0 0.4296875 0.90625 0.059375 0.059375
0 0.47578125 0.83046875 0.0359375 0.03828125
0 0.53671875 0.86171875 0.046875 0.0296875
0 0.4984375 0.98828125 0.03125 0.0234375
0 0.4640625 0.68125 0.06015625 0.03359375
0 0.4328125 0.57734375 0.05546875 0.03203125
0 0.5640625 0.47578125 0.0390625 0.03671875
0 0.565625 0.6515625 0.05859375 0.06328125
0 0.56875 0.7546875 0.04765625 0.0484375
0 0.6390625 0.94609375 0.021875 0.021875
0 0.665625 0.85 0.0359375 0.03359375
0 0.72578125 0.81171875 0.0203125 0.01875
0 0.79296875 0.9171875 0.059375 0.0703125
0 0.7734375 0.81953125 0.0265625 0.0265625
0 0.76875 0.7703125 0.02265625 0.02578125
0 0.9046875 0.9609375 0.03515625 0.02890625
0 0.86875 0.68984375 0.03515625 0.025
0 0.7546875 0.609375 0.03359375 0.02890625
0 0.72265625 0.5 0.0328125 0.02890625
0 0.8328125 0.5875 0.02265625 0.02265625
0 0.87421875 0.465625 0.03125 0.0265625
0 0.93125 0.57890625 0.0265625 0.0234375
0 0.98203125 0.541015625 0.0359375 0.04609375
0 0.987890625 0.666796875 0.02421875 0.02421875
0 0.990234375 0.883203125 0.01953125 0.04453125