1 0.34921875 0.02421875 0.0203125 0.0234375
1 0.34453125 0.1078125 0.02109375 0.02109375
1 0.4640625 0.0578125 0.0171875 0.0203125
1 0.2546875 0.20703125 0.0265625 0.02578125
1 0.35859375 0.2296875 0.0171875 0.01640625
1 0.46171875 0.25 0.015625 0.01875
1 0.6828125 0.12734375 0.02578125 0.0203125
1 0.75859375 0.2265625 0.0234375 0.025
1 0.24375 0.30390625 0.01640625 0.01953125
1 0.34296875 0.27734375 0.034375 0.025
1 0.4671875 0.30546875 0.02734375 0.02734375
1 0.496875 0.35703125 0.0171875 0.0171875
1 0.54921875 0.3390625 0.015625 0.0140625
1 0.6234375 0.2890625 0.01796875 0.0359375
1 0.6671875 0.34609375 0.01875 0.04375
1 0.559375 0.43203125 0.015625 0.02109375
1 0.24140625 0.421875 0.01875 0.0171875
1 0.275 0.434375 0.02734375 0.02421875
1 0.365625 0.45 0.0171875 0.0203125
1 0.26171875 0.4734375 0.0203125 0.01640625
1 0.2625 0.56796875 0.01875 0.01640625
1 0.434375 0.478125 0.02265625 0.02734375
1 0.4046875 0.565625 0.0171875 0.02421875
1 0.48359375 0.51953125 0.01484375 0.0140625
1 0.51171875 0.478125 0.03671875 0.04375
1 0.6734375 0.4484375 0.0171875 0.0171875
1 0.809375 0.33515625 0.021875 0.025
1 0.70859375 0.36484375 0.01328125 0.01484375
1 0.815625 0.38203125 0.01875 0.01953125
1 0.803125 0.5796875 0.01875 0.015625
1 0.6890625 0.571875 0.021875 0.01796875
1 0.6171875 0.5984375 0.02421875 0.02421875
1 0.27109375 0.659375 0.02265625 0.02578125
1 0.3203125 0.65546875 0.01484375 0.02109375
1 0.33046875 0.71796875 0.021875 0.02421875
1 0.49921875 0.66015625 0.01796875 0.021875
1 0.3625 0.7984375 0.02578125 0.021875
1 0.44921875 0.79765625 0.02578125 0.02109375
1 0.271875 0.8765625 0.0203125 0.021875
1 0.43359375 0.8609375 0.01875 0.021875
1 0.44140625 0.93984375 0.0375 0.0328125
1 0.5390625 0.83984375 0.04375 0.04921875
1 0.5421875 0.77421875 0.0203125 0.0265625
1 0.6578125 0.68046875 0.01484375 0.02109375
1 0.775 0.74921875 0.04453125 0.0421875
1 0.73125 0.87109375 0.01875 0.02734375
1 0.703125 0.93046875 0.025 0.028125