1 0.399609375 0.2640625 0.01953125 0.01875
1 0.32578125 0.371875 0.02109375 0.015625
1 0.2796875 0.41015625 0.04375 0.01875
1 0.309375 0.2578125 0.0171875 0.0171875
1 0.39296875 0.22265625 0.01484375 0.01328125
1 0.37578125 0.115625 0.01953125 0.01875
1 0.178125 0.128125 0.015625 0.01875
1 0.1859375 0.2421875 0.01796875 0.021875
1 0.159375 0.3140625 0.02421875 0.02421875
1 0.012109375 0.3921875 0.02421875 0.04375
1 0.006640625 0.3890625 0.01328125 0.0203125
1 0.07734375 0.2734375 0.02109375 0.01484375
1 0.01484375 0.155859375 0.0296875 0.04453125
1 0.006640625 0.2 0.01328125 0.01875
1 0.00703125 0.228125 0.0140625 0.025
2 0.95703125 0.2859375 0.01640625 0.01484375
2 0.9359375 0.378125 0.02109375 0.0140625
2 0.9796875 0.2109375 0.01796875 0.01328125
2 0.99140625 0.11015625 0.0171875 0.0171875
2 0.991796875 0.062109375 0.01640625 0.02421875
2 0.8828125 0.240625 0.01953125 0.01640625
2 0.9109375 0.14921875 0.01953125 0.01796875
2 0.909375 0.08984375 0.0265625 0.021875
2 0.962890625 0.00390625 0.01953125 0.0078125
2 0.88359375 0.0078125 0.01875 0.015625
2 0.84453125 0.004296875 0.0171875 0.00859375
2 0.83828125 0.2453125 0.01640625 0.01484375
2 0.80703125 0.284375 0.02265625 0.02265625
2 0.80234375 0.23203125 0.015625 0.01640625
2 0.8421875 0.140625 0.025 0.02890625
2 0.78828125 0.15078125 0.01640625 0.01484375
2 0.7453125 0.06015625 0.02265625 0.01953125
2 0.73984375 0.1203125 0.01796875 0.015625
2 0.846875 0.36484375 0.0203125 0.01875
2 0.75546875 0.2859375 0.02421875 0.02265625
2 0.72421875 0.3265625 0.02890625 0.03046875
2 0.69140625 0.29921875 0.0171875 0.01875
2 0.653125 0.33984375 0.0328125 0.03046875
2 0.6390625 0.203125 0.0234375 0.02421875
2 0.615625 0.2703125 0.03515625 0.0265625
2 0.553125 0.2484375 0.021875 0.01796875
2 0.4765625 0.36171875 0.02109375 0.01953125
2 0.53125 0.1125 0.028125 0.028125
2 0.70078125 0.1046875 0.01875 0.015625
2 0.6625 0.06015625 0.02421875 0.02421875
2 0.67734375 0.009375 0.0359375 0.01875
2 0.629296875 0.011328125 0.01640625 0.02265625
2 0.632421875 0.00390625 0.02578125 0.0078125
2 0.5203125 0.01953125 0.0171875 0.01796875
2 0.494921875 0.004296875 0.01796875 0.00859375
2 0.4828125 0.06953125 0.03046875 0.0265625
2 0.417578125 0.008203125 0.01640625 0.01640625
2 0.42890625 0.035546875 0.0390625 0.06328125
2 0.44375 0.13125 0.01953125 0.015625
2 0.42734375 0.21796875 0.025 0.021875
2 0.416015625 0.179296875 0.01328125 0.02265625
2 0.41328125 0.162109375 0.0078125 0.01796875
2 0.414453125 0.294921875 0.01015625 0.01953125
2 0.41328125 0.26328125 0.0078125 0.01875
2 0.413671875 0.335546875 0.00859375 0.01640625
2 0.413671875 0.406640625 0.00859375 0.01953125
0 0.39296875 0.6171875 0.028125 0.03046875
0 0.35625 0.68671875 0.0625 0.059375
0 0.30859375 0.7625 0.0359375 0.03828125
0 0.24765625 0.73125 0.046875 0.0296875
0 0.2859375 0.6 0.03125 0.03203125
0 0.3203125 0.91171875 0.06015625 0.03359375
0 0.21875 0.94140625 0.05859375 0.06328125
0 0.215625 0.83828125 0.04765625 0.0484375
0 0.1453125 0.646875 0.021875 0.021875
0 0.11875 0.74296875 0.0359375 0.03359375
0 0.05859375 0.78125 0.0203125 0.01875
0 0.01484375 0.67578125 0.0296875 0.0703125
0 0.012109375 0.7734375 0.02421875 0.0265625
0 0.015625 0.82265625 0.02265625 0.02578125
0 0.00859375 0.631640625 0.0171875 0.02890625
0 0.00859375 0.903125 0.0171875 0.025
0 0.0296875 0.98359375 0.03359375 0.02890625
0 0.007421875 0.925390625 0.01484375 0.02421875
0 0.007421875 0.883203125 0.01484375 0.02421875
0 0.006640625 0.8046875 0.01328125 0.0328125
0 0.00859375 0.708984375 0.0171875 0.04453125
0 0.00859375 0.635546875 0.0171875 0.03359375
3 0.978125 0.52421875 0.04375 0.0484375
3 0.91796875 0.428515625 0.0375 0.01796875
3 0.79765625 0.42421875 0.01875 0.009375
3 0.821875 0.525 0.03984375 0.04375
3 0.875 0.59375 0.0453125 0.046875
3 0.83046875 0.67734375 0.04765625 0.04609375
3 0.86953125 0.74375 0.04296875 0.0453125
3 0.6296875 0.73828125 0.0359375 0.03671875
3 0.6953125 0.590625 0.040625 0.0390625
3 0.5875 0.565625 0.03359375 0.03125
3 0.5015625 0.68359375 0.04609375 0.04375
3 0.490625 0.609375 0.0375 0.04140625
3 0.65859375 0.47109375 0.02890625 0.02890625
3 0.710546875 0.426953125 0.03203125 0.01484375
3 0.623046875 0.4265625 0.03203125 0.0140625
3 0.631640625 0.425 0.02109375 0.0109375
3 0.45546875 0.42421875 0.0234375 0.009375
3 0.45 0.42734375 0.0328125 0.015625
3 0.419140625 0.42890625 0.01953125 0.01875
3 0.423828125 0.52265625 0.02890625 0.0578125