1 0.1765625 0.605078125 0.0171875 0.00859375
1 0.203125 0.55859375 0.02109375 0.025
1 0.29609375 0.51015625 0.0171875 0.02109375
1 0.034375 0.54375 0.0171875 0.0171875
1 0.005859375 0.393359375 0.01171875 0.02578125
1 0.05078125 0.421875 0.02109375 0.01796875
1 0.16328125 0.41328125 0.01875 0.01640625
1 0.27421875 0.41328125 0.0125 0.01484375
1 0.0171875 0.3125 0.01640625 0.02109375
1 0.1359375 0.24375 0.04609375 0.04296875
1 0.375 0.39921875 0.01953125 0.021875
1 0.3265625 0.28125 0.02421875 0.02578125
1 0.26171875 0.2171875 0.0234375 0.025
1 0.31328125 0.125 0.028125 0.03125
1 0.2078125 0.1125 0.0265625 0.03203125
1 0.090625 0.12265625 0.01875 0.028125
1 0.0625 0.0625 0.025 0.0296875
2 0.579296875 0.601953125 0.02109375 0.01484375
2 0.399609375 0.573828125 0.01953125 0.03671875
2 0.59609375 0.5625 0.0296875 0.0296875
2 0.715625 0.57109375 0.02578125 0.02421875
2 0.475 0.53359375 0.01953125 0.01796875
2 0.55859375 0.53046875 0.0171875 0.01953125
2 0.74765625 0.5359375 0.0265625 0.02890625
2 0.8625 0.553125 0.028125 0.02734375
2 0.9046875 0.54140625 0.0125 0.0171875
2 0.81796875 0.5109375 0.01953125 0.0234375
2 0.425 0.44296875 0.06015625 0.0546875
2 0.58359375 0.42421875 0.02109375 0.02578125
2 0.56796875 0.36953125 0.0359375 0.02890625
2 0.7453125 0.35390625 0.11328125 0.12890625
2 0.91015625 0.4125 0.02421875 0.02265625
2 0.8515625 0.29140625 0.0234375 0.0234375
2 0.73359375 0.23828125 0.028125 0.021875
2 0.503125 0.2453125 0.03046875 0.028125
2 0.39921875 0.316015625 0.01875 0.03671875
2 0.940625 0.2125 0.01796875 0.01953125
2 0.5859375 0.3140625 0.01484375 0.01796875
2 0.396875 0.134375 0.0140625 0.028125
2 0.4703125 0.09609375 0.02265625 0.03046875
2 0.61640625 0.109375 0.03828125 0.0359375
2 0.53671875 0.02265625 0.03359375 0.034375
2 0.71796875 0.11640625 0.0421875 0.0390625
2 0.6859375 0.01640625 0.021875 0.028125
2 0.8296875 0.08359375 0.02109375 0.021875
2 0.90546875 0.12421875 0.02578125 0.0234375
2 0.062109375 0.98828125 0.03203125 0.0234375
2 0.003515625 0.924609375 0.00703125 0.01640625
2 0.004296875 0.890234375 0.00859375 0.01953125
2 0.005859375 0.872265625 0.01171875 0.02578125
2 0.1828125 0.9734375 0.034375 0.03203125
2 0.159375 0.91953125 0.0171875 0.01640625
2 0.2296875 0.9359375 0.0171875 0.0171875
2 0.2203125 0.86796875 0.02421875 0.0265625
2 0.3796875 0.8546875 0.0203125 0.0234375
2 0.29296875 0.8171875 0.01953125 0.02578125
2 0.34765625 0.80703125 0.03671875 0.03359375
2 0.11953125 0.80078125 0.0578125 0.0515625
2 0.00859375 0.7453125 0.0171875 0.0375
2 0.0078125 0.704296875 0.015625 0.02421875
2 0.0421875 0.7234375 0.0703125 0.08046875
2 0.103125 0.71328125 0.02109375 0.0265625
2 0.37890625 0.72734375 0.021875 0.01875
2 0.30078125 0.6734375 0.025 0.0234375
2 0.18046875 0.64921875 0.0359375 0.03359375
2 0.21875 0.62890625 0.02109375 0.02578125
2 0.26015625 0.6203125 0.01875 0.01953125
2 0.353515625 0.6140625 0.01953125 0.009375
2 0.246875 0.615625 0.025 0.0125
2 0.13046875 0.61484375 0.01875 0.0109375
2 0.146484375 0.613671875 0.01953125 0.00859375
2 0.08671875 0.614453125 0.0171875 0.01015625
2 0.004296875 0.614453125 0.00859375 0.01015625
2 0.006640625 0.616796875 0.01328125 0.01484375
2 0.030078125 0.613671875 0.01796875 0.00859375
0 0.66328125 0.94375 0.03671875 0.03828125
0 0.79609375 0.94765625 0.02578125 0.03828125
0 0.7453125 0.8984375 0.040625 0.04921875
0 0.84921875 0.8765625 0.02265625 0.01796875
0 0.79765625 0.846875 0.021875 0.03125
0 0.925 0.96171875 0.0265625 0.0234375
0 0.95 0.846875 0.02734375 0.0296875
0 0.995703125 0.7140625 0.00859375 0.0296875
0 0.9578125 0.775 0.02265625 0.03046875
0 0.8765625 0.68984375 0.03359375 0.0234375
0 0.78671875 0.78125 0.02578125 0.0328125
0 0.70625 0.7828125 0.034375 0.0265625
0 0.5703125 0.7765625 0.025 0.03203125
0 0.5890625 0.7390625 0.02578125 0.02265625
0 0.553125 0.68984375 0.01953125 0.02265625
0 0.7421875 0.6546875 0.02734375 0.02734375
0 0.84453125 0.62421875 0.02109375 0.025
0 0.898828125 0.61484375 0.01796875 0.0109375
0 0.83671875 0.617578125 0.0375 0.01640625
0 0.91796875 0.61796875 0.028125 0.0171875
0 0.940234375 0.61796875 0.03046875 0.0171875
0 0.852734375 0.61875 0.03046875 0.01875
0 0.74453125 0.61484375 0.021875 0.0109375
0 0.678515625 0.61640625 0.02578125 0.0140625
0 0.56640625 0.620703125 0.04375 0.02265625
0 0.55859375 0.61484375 0.01875 0.0109375
0 0.63671875 0.615234375 0.025 0.01171875
0 0.532421875 0.615234375 0.01171875 0.01171875
0 0.57734375 0.616015625 0.0296875 0.01328125
0 0.66015625 0.615234375 0.0234375 0.01171875
0 0.726953125 0.615234375 0.01953125 0.01171875
0 0.779296875 0.617578125 0.03046875 0.01640625
0 0.5375 0.618359375 0.021875 0.01796875
0 0.615625 0.6140625 0.0265625 0.009375
0 0.577734375 0.616015625 0.02265625 0.01328125
0 0.67890625 0.616015625 0.025 0.01328125
0 0.836328125 0.616015625 0.02421875 0.01328125
0 0.8578125 0.616015625 0.03125 0.01328125
0 0.93359375 0.61796875 0.021875 0.0171875
0 0.991796875 0.614453125 0.01640625 0.01015625