1 0.00546875 0.30703125 0.0109375 0.028125
1 0.00703125 0.1078125 0.0140625 0.0234375
1 0.00625 0.2296875 0.0125 0.0234375
1 0.00546875 0.005859375 0.0109375 0.01171875
1 0.0046875 0.00546875 0.009375 0.0109375
1 0.00625 0.005078125 0.0125 0.01015625
1 0.00546875 0.005859375 0.0109375 0.01171875
1 0.00859375 0.0078125 0.0171875 0.015625
1 0.005859375 0.176953125 0.01171875 0.02265625
1 0.004296875 0.17109375 0.00859375 0.0171875
1 0.00625 0.144140625 0.0125 0.02109375
1 0.005078125 0.0515625 0.01015625 0.0171875
1 0.00625 0.00390625 0.0125 0.0078125
1 0.008984375 0.3640625 0.01796875 0.01875
1 0.011328125 0.319140625 0.02265625 0.01640625
1 0.003515625 0.278515625 0.00703125 0.01328125
1 0.004296875 0.31328125 0.00859375 0.0171875
1 0.103125 0.3703125 0.02578125 0.02421875
1 0.075 0.296875 0.01796875 0.02109375
1 0.08359375 0.184375 0.01640625 0.01875
1 0.08359375 0.0734375 0.01484375 0.0125
1 0.184375 0.33046875 0.02109375 0.01640625
1 0.253125 0.21171875 0.04296875 0.04609375
1 0.09765625 0.0046875 0.021875 0.009375
1 0.208203125 0.005859375 0.02265625 0.01171875
1 0.215625 0.02109375 0.02578125 0.02421875
1 0.278515625 0.0859375 0.02265625 0.0234375
1 0.28203125 0.00390625 0.015625 0.0078125
3 0.29921875 0.45859375 0.01875 0.0390625
3 0.296875 0.401171875 0.0140625 0.02265625
3 0.298828125 0.3 0.01796875 0.0375
3 0.30078125 0.251171875 0.021875 0.04296875
3 0.299609375 0.3515625 0.01953125 0.0390625
3 0.3 0.25078125 0.0203125 0.0359375
3 0.299609375 0.388671875 0.01953125 0.03828125
3 0.31953125 0.46015625 0.0328125 0.0296875
3 0.39296875 0.4109375 0.034375 0.03359375
3 0.38984375 0.2453125 0.0375 0.0375
3 0.300390625 0.188671875 0.02109375 0.03671875
3 0.299609375 0.1765625 0.01953125 0.034375
3 0.309765625 0.090625 0.03984375 0.0375
3 0.298046875 0.008203125 0.01640625 0.01640625
3 0.3453125 0.1515625 0.021875 0.01796875
3 0.4296875 0.1640625 0.021875 0.01953125
3 0.4578125 0.18203125 0.02421875 0.02265625
3 0.46328125 0.05 0.028125 0.02734375
3 0.45859375 0.0125 0.02578125 0.0234375
3 0.54296875 0.14296875 0.04296875 0.03828125
3 0.58828125 0.0421875 0.04765625 0.0453125
3 0.61875 0.13515625 0.03125 0.02734375
3 0.67734375 0.03671875 0.04296875 0.0390625
3 0.6859375 0.17734375 0.04296875 0.04140625
3 0.56484375 0.37578125 0.04609375 0.04453125
3 0.615625 0.35390625 0.021875 0.0171875
3 0.5609375 0.4671875 0.0203125 0.01953125
3 0.62734375 0.46875 0.025 0.02109375
3 0.9109375 0.4671875 0.03359375 0.03359375
3 0.95390625 0.4234375 0.04140625 0.0390625
3 0.840625 0.42421875 0.0390625 0.03828125
3 0.76796875 0.409375 0.03984375 0.0375
3 0.8765625 0.36328125 0.0375 0.03828125
3 0.9078125 0.303125 0.03671875 0.03828125
3 0.82265625 0.1828125 0.03984375 0.03046875
3 0.94453125 0.19921875 0.05 0.05
3 0.83046875 0.084375 0.0453125 0.046875
2 0.007421875 0.593359375 0.01484375 0.02578125
2 0.005078125 0.7765625 0.01015625 0.01875
2 0.02109375 0.662109375 0.0421875 0.07265625
2 0.0046875 0.58671875 0.009375 0.01875
2 0.0046875 0.505078125 0.009375 0.01015625
2 0.005859375 0.51171875 0.01171875 0.0234375
2 0.005078125 0.505078125 0.01015625 0.01015625
2 0.00390625 0.504296875 0.0078125 0.00859375
2 0.00625 0.505078125 0.0125 0.01015625
2 0.00546875 0.5046875 0.0109375 0.009375
2 0.007421875 0.531640625 0.01484375 0.02578125
2 0.0046875 0.78125 0.009375 0.01875
2 0.00546875 0.961328125 0.0109375 0.01796875
2 0.005078125 0.805859375 0.01015625 0.01796875
2 0.005078125 0.721875 0.01015625 0.01875
2 0.0046875 0.619140625 0.009375 0.01796875
2 0.00546875 0.65859375 0.0109375 0.025
2 0.006640625 0.716015625 0.01328125 0.03203125
2 0.005078125 0.544140625 0.01015625 0.01953125
2 0.00625 0.596875 0.0125 0.0234375
2 0.0046875 0.8375 0.009375 0.015625
2 0.005859375 0.791796875 0.01171875 0.02109375
2 0.004296875 0.58125 0.00859375 0.0140625
2 0.004296875 0.505859375 0.00859375 0.01171875
2 0.00625 0.50625 0.0125 0.0125
2 0.0046875 0.50390625 0.009375 0.0078125
2 0.005078125 0.6484375 0.01015625 0.015625
2 0.006640625 0.932421875 0.01328125 0.02578125
2 0.00703125 0.751171875 0.0140625 0.02421875
2 0.0046875 0.503515625 0.009375 0.00703125
2 0.004296875 0.50390625 0.00859375 0.0078125
2 0.003515625 0.503125 0.00703125 0.00625
2 0.0046875 0.502734375 0.009375 0.00546875
2 0.02890625 0.508984375 0.04375 0.01796875
2 0.01953125 0.504296875 0.0203125 0.00859375
2 0.02734375 0.609375 0.0234375 0.01875
2 0.0578125 0.86015625 0.03515625 0.03125
2 0.13515625 0.86171875 0.0265625 0.025
2 0.1609375 0.7296875 0.02265625 0.01796875
2 0.20078125 0.81953125 0.0234375 0.0171875
2 0.2359375 0.7046875 0.02109375 0.021875
2 0.15703125 0.66015625 0.05625 0.06640625
2 0.07265625 0.5703125 0.021875 0.02109375
2 0.1203125 0.52890625 0.021875 0.01640625
2 0.109375 0.505859375 0.028125 0.01171875
2 0.1125 0.504296875 0.01875 0.00859375
2 0.19609375 0.504296875 0.0171875 0.00859375
2 0.2640625 0.507421875 0.021875 0.01484375
2 0.24453125 0.54609375 0.021875 0.02265625
2 0.26640625 0.915625 0.01875 0.01484375
1 0.296484375 0.923828125 0.01328125 0.02109375
1 0.33828125 0.97265625 0.01796875 0.02421875
1 0.298046875 0.813671875 0.01640625 0.02578125
1 0.29765625 0.8203125 0.015625 0.0234375
1 0.298046875 0.6671875 0.01640625 0.0328125
1 0.38671875 0.86953125 0.0328125 0.0296875
1 0.475 0.75078125 0.0171875 0.0171875
1 0.5421875 0.9265625 0.02734375 0.021875
1 0.5734375 0.82109375 0.04296875 0.01640625
1 0.525 0.746875 0.02265625 0.0203125
1 0.68515625 0.79609375 0.04140625 0.059375
1 0.60234375 0.715625 0.0203125 0.01640625
1 0.609375 0.65546875 0.025 0.01484375
1 0.6734375 0.6796875 0.01796875 0.01953125
1 0.91171875 0.95078125 0.01953125 0.01875
1 0.98125 0.98359375 0.025 0.02265625
1 0.8203125 0.85859375 0.0203125 0.01796875
1 0.8875 0.7703125 0.0234375 0.02109375