1 0.58203125 0.51953125 0.02109375 0.02109375
1 0.671875 0.4203125 0.0265625 0.02578125
1 0.56796875 0.39765625 0.0171875 0.01640625
1 0.46484375 0.37734375 0.015625 0.01875
1 0.24375 0.5 0.02578125 0.0203125
1 0.16796875 0.40078125 0.0234375 0.025
1 0.6828125 0.3234375 0.01640625 0.01953125
1 0.58359375 0.35 0.034375 0.025
1 0.459375 0.321875 0.02734375 0.02734375
1 0.4296875 0.2703125 0.0171875 0.0171875
1 0.37734375 0.28828125 0.015625 0.0140625
1 0.303125 0.33828125 0.01796875 0.0359375
1 0.259375 0.28125 0.01875 0.04375
1 0.3671875 0.1953125 0.015625 0.02109375
1 0.68515625 0.20546875 0.01875 0.0171875
1 0.6515625 0.19296875 0.02734375 0.02421875
1 0.5609375 0.17734375 0.0171875 0.0203125
1 0.66484375 0.15390625 0.0203125 0.01640625
1 0.6640625 0.059375 0.01875 0.01640625
1 0.4921875 0.14921875 0.02265625 0.02734375
1 0.521875 0.06171875 0.0171875 0.02421875
1 0.44296875 0.1078125 0.01484375 0.0140625
1 0.41484375 0.14921875 0.03671875 0.04375
1 0.253125 0.17890625 0.0171875 0.0171875
1 0.1171875 0.2921875 0.021875 0.025
1 0.21796875 0.2625 0.01328125 0.01484375
1 0.1109375 0.2453125 0.01875 0.01953125
1 0.1234375 0.04765625 0.01875 0.015625
1 0.2375 0.05546875 0.021875 0.01796875
1 0.309375 0.02890625 0.02421875 0.02421875
1 0.655078125 0.00625 0.02265625 0.0125
1 0.605859375 0.005078125 0.01484375 0.01015625
1 0.59609375 0.005859375 0.021875 0.01171875
1 0.426953125 0.00546875 0.01796875 0.0109375
1 0.563671875 0.00546875 0.02578125 0.0109375
1 0.476953125 0.005078125 0.02578125 0.01015625
1 0.6546875 0.00546875 0.0203125 0.0109375
1 0.49296875 0.00546875 0.01875 0.0109375
1 0.48515625 0.008203125 0.0375 0.01640625
1 0.3875 0.012109375 0.04375 0.02421875
1 0.384375 0.006640625 0.0203125 0.01328125
1 0.268359375 0.005078125 0.01484375 0.01015625
1 0.151171875 0.010546875 0.04453125 0.02109375
1 0.1953125 0.006640625 0.01875 0.01328125
1 0.2234375 0.00703125 0.025 0.0140625
3 0.93984375 0.471875 0.04296875 0.0421875
3 0.9515625 0.29765625 0.03359375 0.03515625
3 0.87421875 0.47890625 0.034375 0.0375
3 0.86328125 0.33125 0.03828125 0.03984375
3 0.76015625 0.36015625 0.04296875 0.0390625
3 0.76171875 0.265625 0.0359375 0.03671875
3 0.81328125 0.228125 0.03515625 0.03671875
3 0.978515625 0.125 0.04296875 0.04375
3 0.953125 0.07265625 0.04140625 0.046875
3 0.821875 0.06328125 0.03984375 0.04296875
3 0.925 0.0109375 0.040625 0.021875
3 0.86015625 0.008203125 0.0359375 0.01640625
3 0.796875 0.01015625 0.0375 0.0203125
3 0.991015625 0.005859375 0.01796875 0.01171875
3 0.872265625 0.011328125 0.04453125 0.02265625
3 0.946484375 0.008203125 0.03203125 0.01640625
3 0.51328125 0.81953125 0.0359375 0.0359375
3 0.2015625 0.8921875 0.03125 0.0375
3 0.41875 0.590625 0.034375 0.03515625
3 0.21484375 0.569140625 0.0390625 0.01953125
1 0.90859375 0.9671875 0.05859375 0.05859375
1 0.796875 0.98984375 0.0203125 0.0203125
1 0.733984375 0.988671875 0.00859375 0.02265625
1 0.735546875 0.92109375 0.01171875 0.028125
1 0.73515625 0.892578125 0.0109375 0.01640625
1 0.73515625 0.926953125 0.0109375 0.03203125
1 0.73515625 0.826171875 0.0109375 0.02734375
1 0.73515625 0.840625 0.0109375 0.0625
1 0.737890625 0.821484375 0.01640625 0.03046875
1 0.86484375 0.81015625 0.03125 0.028125
1 0.78984375 0.81953125 0.0171875 0.0234375
1 0.78828125 0.771875 0.02890625 0.028125
1 0.737109375 0.693359375 0.01484375 0.03671875
1 0.736328125 0.6765625 0.01328125 0.0375
1 0.9640625 0.76640625 0.0328125 0.025
1 0.737109375 0.647265625 0.01484375 0.03515625
1 0.735546875 0.680078125 0.01171875 0.02578125
1 0.734765625 0.59609375 0.01015625 0.0203125
1 0.73671875 0.577734375 0.0140625 0.03515625