1 0.2890625 0.11875 0.028125 0.021875
1 0.48828125 0.0828125 0.0234375 0.028125
1 0.36640625 0.21796875 0.0234375 0.02578125
1 0.6484375 0.13671875 0.02421875 0.021875
1 0.66953125 0.08671875 0.021875 0.01953125
1 0.76640625 0.27109375 0.0203125 0.025
1 0.71328125 0.35 0.02421875 0.02265625
1 0.6015625 0.296875 0.03203125 0.034375
1 0.41875 0.32578125 0.02265625 0.02421875
1 0.425 0.3734375 0.0171875 0.01796875
1 0.4515625 0.425 0.02109375 0.025
1 0.54453125 0.4734375 0.0171875 0.02109375
1 0.71953125 0.48984375 0.015625 0.01875
1 0.23203125 0.2796875 0.01875 0.03671875
1 0.2765625 0.3375 0.01640625 0.0453125
1 0.3171875 0.35546875 0.01328125 0.0140625
1 0.2828125 0.43984375 0.0171875 0.0171875
1 0.22578125 0.58984375 0.02421875 0.02578125
1 0.29921875 0.56171875 0.02109375 0.01796875
1 0.41171875 0.5703125 0.01875 0.01640625
1 0.52265625 0.5703125 0.0125 0.01484375
1 0.265625 0.67109375 0.01640625 0.02109375
1 0.384375 0.73984375 0.04609375 0.04296875
1 0.6234375 0.584375 0.01953125 0.021875
1 0.7578125 0.6953125 0.0234375 0.02265625
1 0.575 0.70234375 0.02421875 0.02578125
1 0.51015625 0.76640625 0.0234375 0.025
1 0.68203125 0.76953125 0.01640625 0.0171875
1 0.56171875 0.85859375 0.028125 0.03125
1 0.45625 0.87109375 0.0265625 0.03203125
1 0.3390625 0.8609375 0.01875 0.028125
1 0.3109375 0.92109375 0.025 0.0296875