1 0.259375 0.1859375 0.07734375 0.15703125
1 0.428125 0.0984375 0.053125 0.0484375
1 0.53203125 0.08671875 0.0625 0.08046875
1 0.62421875 0.128125 0.0296875 0.01640625
1 0.46484375 0.20625 0.0234375 0.01953125
1 0.59453125 0.2 0.01875 0.0265625
1 0.746875 0.171875 0.02265625 0.02421875
1 0.6890625 0.2734375 0.0171875 0.01796875
1 0.64765625 0.2984375 0.034375 0.03125
1 0.5015625 0.31953125 0.0671875 0.06796875
1 0.32578125 0.303125 0.01875 0.0203125
1 0.37578125 0.35859375 0.02734375 0.06875
1 0.1875 0.37265625 0.01484375 0.0390625
1 0.21953125 0.47890625 0.04609375 0.05625
1 0.33984375 0.41796875 0.01953125 0.02109375
1 0.4640625 0.4015625 0.02109375 0.02109375
1 0.553125 0.4328125 0.01875 0.01640625
1 0.6453125 0.41796875 0.0359375 0.03359375
1 0.5546875 0.5109375 0.0296875 0.03125
1 0.3765625 0.565625 0.0234375 0.03125
1 0.775 0.36328125 0.028125 0.03046875
1 0.7109375 0.5453125 0.03203125 0.0296875
1 0.6296875 0.5578125 0.0203125 0.021875
1 0.5046875 0.6078125 0.03359375 0.03671875
1 0.71015625 0.6890625 0.021875 0.0234375
1 0.628125 0.70859375 0.0375 0.05078125
1 0.525 0.70234375 0.021875 0.025
1 0.4453125 0.7046875 0.01796875 0.01953125
1 0.196875 0.6234375 0.021875 0.028125
1 0.31875 0.62578125 0.021875 0.02109375
1 0.31171875 0.79921875 0.14375 0.11640625
1 0.48671875 0.85 0.0359375 0.0640625
1 0.33828125 0.90078125 0.02890625 0.02578125
1 0.61171875 0.8265625 0.0625 0.065625