1 0.226953125 0.6390625 0.07734375 0.121875
1 0.4328125 0.63671875 0.0234375 0.01953125
1 0.5625 0.64296875 0.01875 0.0265625
1 0.65703125 0.56953125 0.0171875 0.01796875
1 0.615625 0.54453125 0.034375 0.03125
1 0.46953125 0.5234375 0.0671875 0.06796875
1 0.29375 0.53984375 0.01875 0.0203125
1 0.34375 0.484375 0.02734375 0.06875
1 0.15546875 0.4703125 0.01484375 0.0390625
1 0.1875 0.3640625 0.04609375 0.05625
1 0.3078125 0.425 0.01953125 0.02109375
1 0.43203125 0.44140625 0.02109375 0.02109375
1 0.52109375 0.41015625 0.01875 0.01640625
1 0.61328125 0.425 0.0359375 0.03359375
1 0.52265625 0.33203125 0.0296875 0.03125
1 0.34453125 0.27734375 0.0234375 0.03125
1 0.67890625 0.29765625 0.03203125 0.0296875
1 0.59765625 0.28515625 0.0203125 0.021875
1 0.47265625 0.23515625 0.03359375 0.03671875
1 0.678125 0.15390625 0.021875 0.0234375
1 0.59609375 0.134375 0.0375 0.05078125
1 0.49296875 0.140625 0.021875 0.025
1 0.41328125 0.13828125 0.01796875 0.01953125
1 0.16484375 0.21953125 0.021875 0.028125
1 0.28671875 0.2171875 0.021875 0.02109375
1 0.2796875 0.05078125 0.14375 0.1015625
1 0.4546875 0.016015625 0.0359375 0.03203125
1 0.305859375 0.00625 0.02890625 0.0125
1 0.5796875 0.024609375 0.0625 0.04921875
3 0.710546875 0.58671875 0.02109375 0.0421875
3 0.709375 0.5890625 0.01875 0.040625
3 0.70703125 0.66484375 0.0140625 0.034375
3 0.712109375 0.64453125 0.02421875 0.0484375
3 0.796875 0.58671875 0.0375 0.040625
3 0.711328125 0.550390625 0.02265625 0.04609375
3 0.77890625 0.50859375 0.0421875 0.04140625
3 0.706640625 0.45703125 0.01328125 0.0296875
3 0.711328125 0.45078125 0.02265625 0.04375
3 0.71015625 0.375 0.0203125 0.0453125
3 0.709765625 0.44375 0.01953125 0.040625
3 0.71171875 0.4359375 0.0234375 0.04375
3 0.710546875 0.334765625 0.02109375 0.04140625
3 0.71015625 0.25 0.0203125 0.0453125
3 0.708984375 0.17734375 0.01796875 0.0421875
3 0.710546875 0.100390625 0.02109375 0.04765625
3 0.709375 0.12890625 0.01875 0.040625
3 0.71171875 0.011328125 0.0234375 0.02265625
3 0.708203125 0.04375 0.01640625 0.034375
3 0.708984375 0.01953125 0.01796875 0.0375
3 0.708984375 0.008984375 0.01796875 0.01796875
3 0.70859375 0.008984375 0.0171875 0.01796875
3 0.711328125 0.01171875 0.02265625 0.0234375
3 0.70859375 0.009765625 0.0171875 0.01953125
3 0.708984375 0.096875 0.01796875 0.0375
3 0.71328125 0.109375 0.0265625 0.0328125
3 0.79921875 0.02578125 0.04609375 0.05078125
3 0.71953125 0.009375 0.0390625 0.01875
3 0.71171875 0.0109375 0.0234375 0.021875
3 0.70546875 0.005078125 0.0109375 0.01015625
3 0.734375 0.009765625 0.0359375 0.01953125
3 0.78203125 0.2953125 0.03828125 0.04140625
3 0.8515625 0.2640625 0.01328125 0.0328125
2 0.0046875 0.89375 0.009375 0.021875
2 0.14140625 0.89140625 0.02890625 0.02578125
2 0.35 0.93828125 0.02265625 0.0296875
2 0.4453125 0.91953125 0.0234375 0.028125
2 0.4046875 0.86796875 0.02109375 0.03046875
2 0.378125 0.84609375 0.015625 0.0171875
2 0.54140625 0.83359375 0.028125 0.03203125
2 0.44921875 0.77890625 0.03203125 0.025
2 0.004296875 0.7453125 0.00859375 0.01875
2 0.00390625 0.707421875 0.0078125 0.01484375
2 0.10859375 0.74609375 0.0171875 0.01953125
2 0.2140625 0.73828125 0.090625 0.0765625
2 0.346875 0.75390625 0.046875 0.028125
2 0.4765625 0.721875 0.0203125 0.01953125
2 0.54921875 0.7171875 0.01640625 0.02109375
2 0.355078125 0.705078125 0.02109375 0.01015625
2 0.024609375 0.710546875 0.04921875 0.02109375
2 0.203515625 0.706640625 0.02421875 0.01328125
2 0.319140625 0.71015625 0.04140625 0.0203125
2 0.45234375 0.7078125 0.021875 0.015625
2 0.541015625 0.707421875 0.03359375 0.01484375
2 0.111328125 0.709765625 0.04140625 0.01953125
2 0.00859375 0.70546875 0.0171875 0.0109375
2 0.149609375 0.709375 0.03359375 0.01875
2 0.24921875 0.70703125 0.025 0.0140625
2 0.441015625 0.70546875 0.02265625 0.0109375
2 0.290234375 0.714453125 0.06953125 0.02890625
2 0.481640625 0.708203125 0.02265625 0.01640625
2 0.578125 0.70625 0.0234375 0.0125
2 0.334375 0.709765625 0.034375 0.01953125
2 0.04375 0.709765625 0.0421875 0.01953125
2 0.15546875 0.705859375 0.0234375 0.01171875
2 0.523046875 0.708203125 0.03046875 0.01640625
2 0.479296875 0.70625 0.02578125 0.0125
2 0.272265625 0.716796875 0.06640625 0.03359375
2 0.1328125 0.706640625 0.0328125 0.01328125
2 0.095703125 0.707421875 0.03046875 0.01484375
2 0.016015625 0.714453125 0.03203125 0.02890625
2 0.891015625 0.9953125 0.03046875 0.009375
2 0.708984375 0.9734375 0.01796875 0.034375
2 0.705859375 0.98046875 0.01171875 0.0234375
2 0.7046875 0.93828125 0.009375 0.0203125
2 0.706640625 0.873046875 0.01328125 0.02734375
2 0.72265625 0.919140625 0.0453125 0.04140625
2 0.86796875 0.89453125 0.0328125 0.0359375
2 0.714453125 0.845703125 0.02890625 0.05703125
2 0.704296875 0.85234375 0.00859375 0.01875
2 0.703515625 0.84609375 0.00703125 0.015625
2 0.705078125 0.807421875 0.01015625 0.02109375
2 0.7046875 0.73359375 0.009375 0.021875
2 0.70546875 0.79921875 0.0109375 0.0234375
2 0.705078125 0.8015625 0.01015625 0.0203125
2 0.708984375 0.71015625 0.01796875 0.0203125
2 0.73203125 0.713671875 0.0359375 0.02734375
2 0.808984375 0.712890625 0.05546875 0.02578125
2 0.7078125 0.70859375 0.015625 0.0171875
2 0.708984375 0.71015625 0.01796875 0.0203125
2 0.71171875 0.71171875 0.0234375 0.0234375
2 0.707421875 0.70703125 0.01484375 0.0140625
2 0.7046875 0.705859375 0.009375 0.01171875
2 0.709375 0.708984375 0.01875 0.01796875
2 0.704296875 0.705078125 0.00859375 0.01015625