1 0.15 0.17421875 0.15703125 0.07734375
1 0.0625 0.34296875 0.0484375 0.053125
1 0.169921875 0.37890625 0.01953125 0.021875
1 0.2671875 0.240625 0.0203125 0.01875
1 0.32265625 0.290625 0.06875 0.02734375
1 0.33671875 0.10234375 0.0390625 0.01484375
1 0.38203125 0.2546875 0.02109375 0.01953125
1 0.365625 0.37890625 0.02109375 0.02109375
2 0.4078125 0.007421875 0.015625 0.01484375
2 0.416015625 0.012890625 0.03203125 0.02578125
2 0.428125 0.006640625 0.034375 0.01328125
2 0.471484375 0.00390625 0.01953125 0.0078125
2 0.45234375 0.08515625 0.1 0.09140625
2 0.41015625 0.19453125 0.01796875 0.0171875
2 0.40625 0.27578125 0.0125 0.0234375
2 0.4734375 0.28125 0.02265625 0.0234375
2 0.478125 0.21171875 0.03671875 0.0328125
2 0.51875 0.011328125 0.0359375 0.02265625
2 0.578125 0.007421875 0.028125 0.01484375
2 0.594140625 0.005859375 0.03046875 0.01171875
2 0.625390625 0.012109375 0.03515625 0.02421875
2 0.61171875 0.24609375 0.03671875 0.03671875
2 0.710546875 0.00859375 0.03515625 0.0171875
2 0.770703125 0.01171875 0.05390625 0.0234375
2 0.746875 0.05 0.03671875 0.0390625
2 0.77265625 0.1921875 0.0328125 0.02734375
2 0.80859375 0.33203125 0.02421875 0.0203125
2 0.865234375 0.009765625 0.02890625 0.01953125
2 0.991015625 0.00390625 0.01796875 0.0078125
2 0.975 0.00625 0.0296875 0.0125
2 0.900390625 0.005859375 0.02421875 0.01171875
2 0.98515625 0.007421875 0.028125 0.01484375
2 0.9375 0.1578125 0.0234375 0.02578125
2 0.98671875 0.28984375 0.0265625 0.1078125
3 0.084375 0.4 0.0421875 0.0203125
3 0.156640625 0.404296875 0.03671875 0.02890625
3 0.11015625 0.546875 0.02734375 0.025
3 0.04609375 0.6875 0.04140625 0.03984375
3 0.010546875 0.74921875 0.02109375 0.0375
3 0.10390625 0.75 0.040625 0.0421875
3 0.1671875 0.87421875 0.03984375 0.03671875
3 0.28125 0.8625 0.03515625 0.0375
0 0.40703125 0.3953125 0.0140625 0.0109375
0 0.416015625 0.483984375 0.03203125 0.06171875
0 0.40625 0.39453125 0.0125 0.009375
0 0.406640625 0.398046875 0.01328125 0.01640625
0 0.40859375 0.596875 0.0171875 0.025
0 0.40703125 0.5640625 0.0140625 0.025
0 0.40859375 0.638671875 0.0171875 0.02421875
0 0.40703125 0.71796875 0.0140625 0.0359375
0 0.411328125 0.626171875 0.02265625 0.05078125
0 0.4078125 0.751171875 0.015625 0.03828125
0 0.410546875 0.8515625 0.02109375 0.0375
0 0.4296875 0.65234375 0.053125 0.04296875
0 0.48828125 0.7421875 0.028125 0.02421875
0 0.478125 0.8578125 0.028125 0.03515625
0 0.40859375 0.459375 0.0171875 0.025
0 0.527734375 0.39609375 0.02890625 0.0125
0 0.528125 0.41328125 0.028125 0.03359375
0 0.52578125 0.5578125 0.0328125 0.05234375
0 0.55078125 0.809375 0.02265625 0.021875
0 0.590625 0.571875 0.02109375 0.025
0 0.61640625 0.68359375 0.02265625 0.0328125
0 0.6875 0.82109375 0.021875 0.01953125
0 0.72421875 0.73203125 0.03359375 0.0296875
0 0.70078125 0.50859375 0.04140625 0.04453125
0 0.75546875 0.8390625 0.0390625 0.04296875
0 0.8109375 0.72265625 0.03671875 0.02578125
0 0.76796875 0.58671875 0.06328125 0.03359375
0 0.87109375 0.6546875 0.06015625 0.05234375
0 0.93515625 0.77578125 0.03203125 0.03125
0 0.95390625 0.70078125 0.0515625 0.04453125
0 0.86640625 0.55859375 0.021875 0.0265625
0 0.8265625 0.46953125 0.02265625 0.03671875
0 0.875 0.471875 0.059375 0.04140625
0 0.68046875 0.394921875 0.021875 0.01015625
0 0.714453125 0.398828125 0.03203125 0.01796875
0 0.9703125 0.546875 0.03984375 0.03046875
0 0.98828125 0.397265625 0.0234375 0.01484375