1 0.004296875 0.330078125 0.00859375 0.01796875
1 0.00859375 0.181640625 0.0171875 0.02265625
1 0.02265625 0.20546875 0.021875 0.01953125
1 0.052734375 0.0515625 0.10546875 0.103125
1 0.10859375 0.10078125 0.021875 0.0171875
1 0.023046875 0.011328125 0.01953125 0.02265625
1 0.005078125 0.005078125 0.01015625 0.01015625
1 0.005078125 0.006640625 0.01015625 0.01328125
1 0.01796875 0.01328125 0.0359375 0.0265625
1 0.20703125 0.0046875 0.021875 0.009375
1 0.1953125 0.0828125 0.028125 0.0265625
1 0.19296875 0.2515625 0.0234375 0.0234375
1 0.2359375 0.21484375 0.01953125 0.01796875
1 0.24609375 0.1578125 0.01953125 0.0203125
1 0.29921875 0.0875 0.01875 0.0234375
1 0.35703125 0.053125 0.01953125 0.01875
1 0.275 0.0046875 0.01875 0.009375
1 0.3671875 0.00390625 0.015625 0.0078125
1 0.273046875 0.004296875 0.02578125 0.00859375
1 0.359375 0.030078125 0.06875 0.06015625
1 0.450390625 0.003125 0.01796875 0.00625
1 0.469921875 0.003125 0.03046875 0.00625
1 0.4796875 0.0625 0.01875 0.01796875
1 0.4703125 0.22890625 0.0390625 0.0421875
1 0.42265625 0.29609375 0.0484375 0.05
1 0.4078125 0.35859375 0.03125 0.01484375
1 0.34453125 0.271875 0.0171875 0.0140625
1 0.35546875 0.17421875 0.02578125 0.0125
1 0.40390625 0.165625 0.0140625 0.01328125
1 0.234375 0.32734375 0.028125 0.02890625
3 0.5015625 0.3890625 0.0234375 0.021875
3 0.499609375 0.38828125 0.01953125 0.0234375
3 0.501171875 0.28671875 0.02265625 0.0390625
3 0.5 0.194140625 0.0203125 0.03984375
3 0.50078125 0.219921875 0.021875 0.03828125
3 0.5015625 0.12421875 0.0234375 0.0484375
3 0.498046875 0.35078125 0.01640625 0.0359375
3 0.498828125 0.2359375 0.01796875 0.0328125
3 0.498828125 0.1875 0.01796875 0.034375
3 0.55546875 0.27109375 0.015625 0.01875
3 0.58359375 0.115625 0.03984375 0.03515625
3 0.67578125 0.284375 0.04765625 0.04140625
3 0.7484375 0.16875 0.040625 0.0328125
3 0.83125 0.05859375 0.02109375 0.02265625
3 0.8828125 0.16953125 0.04453125 0.04375
3 0.80390625 0.29140625 0.0328125 0.03125
3 0.87109375 0.346875 0.03515625 0.03203125
3 0.9375 0.17890625 0.0421875 0.0359375
3 0.98359375 0.28828125 0.0328125 0.0390625
1 0.005078125 0.90234375 0.01015625 0.01875
1 0.00625 0.98515625 0.0125 0.0265625
1 0.00546875 0.93515625 0.0109375 0.01875
1 0.018359375 0.90546875 0.03671875 0.0640625
1 0.04609375 0.83359375 0.03203125 0.028125
1 0.00703125 0.745703125 0.0140625 0.01953125
1 0.01640625 0.64140625 0.0328125 0.0375
1 0.0484375 0.6265625 0.04453125 0.11953125
1 0.13828125 0.72421875 0.028125 0.03046875
1 0.090625 0.9453125 0.021875 0.02109375
1 0.17421875 0.90390625 0.03046875 0.03046875
1 0.24296875 0.80546875 0.0234375 0.0265625
1 0.3125 0.90390625 0.0296875 0.02734375
1 0.38359375 0.85625 0.04140625 0.0375
1 0.4234375 0.9296875 0.03125 0.028125
1 0.3875 0.73359375 0.09375 0.0421875
1 0.4828125 0.957421875 0.0140625 0.02109375
1 0.476171875 0.595703125 0.02734375 0.06328125
1 0.480859375 0.77265625 0.01796875 0.0296875
1 0.371875 0.5203125 0.028125 0.02578125
1 0.29140625 0.61953125 0.0203125 0.0171875
1 0.22265625 0.5625 0.03984375 0.03203125
0 0.505859375 0.974609375 0.03203125 0.05078125
0 0.4984375 0.86796875 0.0171875 0.025
0 0.496875 0.90078125 0.0140625 0.025
0 0.4984375 0.825390625 0.0171875 0.02421875
0 0.496875 0.746875 0.0140625 0.0359375
0 0.501171875 0.837890625 0.02265625 0.05078125
0 0.49765625 0.712890625 0.015625 0.03828125
0 0.500390625 0.61328125 0.02109375 0.0375
0 0.503125 0.812109375 0.0265625 0.04296875
0 0.4984375 0.722265625 0.0171875 0.02421875
0 0.496875 0.606640625 0.0140625 0.03515625
0 0.53046875 0.90703125 0.0328125 0.05234375
0 0.55546875 0.65546875 0.02265625 0.021875
0 0.5953125 0.89296875 0.02109375 0.025
0 0.62109375 0.78125 0.02265625 0.0328125
0 0.6921875 0.64375 0.021875 0.01953125
0 0.72890625 0.7328125 0.03359375 0.0296875
0 0.70546875 0.95625 0.04140625 0.04453125
0 0.76015625 0.62578125 0.0390625 0.04296875
0 0.815625 0.7421875 0.03671875 0.02578125
0 0.77265625 0.878125 0.06328125 0.03359375
0 0.87578125 0.81015625 0.06015625 0.05234375
0 0.93984375 0.6890625 0.03203125 0.03125
0 0.95859375 0.7640625 0.0515625 0.04453125
0 0.87109375 0.90625 0.021875 0.0265625
0 0.830859375 0.98828125 0.02265625 0.0234375
0 0.8796875 0.9859375 0.059375 0.028125
0 0.975 0.91796875 0.03984375 0.03046875