1 0.271875 0.1171875 0.01796875 0.0171875
1 0.4203125 0.06875 0.02265625 0.03515625
1 0.396875 0.159375 0.01953125 0.021875
1 0.5640625 0.18671875 0.13046875 0.1109375
1 0.5015625 0.2453125 0.0171875 0.021875
1 0.66484375 0.16015625 0.04609375 0.01953125
1 0.66953125 0.08359375 0.0203125 0.0203125
1 0.784375 0.07421875 0.02734375 0.02109375
1 0.775 0.1421875 0.05390625 0.0609375
1 0.7328125 0.34375 0.01953125 0.021875
1 0.51953125 0.33203125 0.0265625 0.028125
1 0.35078125 0.3296875 0.0234375 0.0234375
1 0.3875 0.37265625 0.01796875 0.01953125
1 0.44453125 0.3828125 0.0203125 0.01953125
1 0.51484375 0.4359375 0.0234375 0.01875
1 0.54921875 0.49375 0.01875 0.01953125
1 0.6546875 0.41171875 0.01953125 0.01875
1 0.60546875 0.50390625 0.01640625 0.015625
1 0.82421875 0.41015625 0.0171875 0.02578125
1 0.77265625 0.49609375 0.12109375 0.06875
1 0.80703125 0.5875 0.0125 0.01796875
1 0.7296875 0.64921875 0.03203125 0.01484375
1 0.73671875 0.70625 0.02421875 0.02421875
1 0.6875 0.60703125 0.01328125 0.03046875
1 0.6046875 0.6796875 0.1828125 0.0890625
1 0.53984375 0.61640625 0.01796875 0.01875
1 0.46171875 0.63515625 0.0296875 0.028125
1 0.41953125 0.68125 0.03515625 0.021875
1 0.45625 0.7171875 0.0265625 0.01796875
1 0.325 0.68203125 0.02421875 0.02734375
1 0.3734375 0.61640625 0.0421875 0.05703125
1 0.30625 0.559375 0.05 0.0484375
1 0.24375 0.54453125 0.01484375 0.03125
1 0.33046875 0.48125 0.0140625 0.0171875
1 0.428125 0.4921875 0.0125 0.02578125
1 0.43671875 0.540625 0.01328125 0.0140625
1 0.275 0.37109375 0.02890625 0.028125
1 0.20078125 0.74375 0.01875 0.02265625
1 0.2890625 0.778125 0.02578125 0.02734375
1 0.21328125 0.8140625 0.01875 0.01796875
1 0.3859375 0.78203125 0.0203125 0.0234375
1 0.309375 0.875 0.03359375 0.03203125
1 0.41328125 0.9484375 0.01796875 0.0203125
1 0.4875 0.83984375 0.06875 0.07734375
1 0.5328125 0.8953125 0.0390625 0.07890625
1 0.590625 0.8421875 0.0234375 0.02578125
1 0.60078125 0.89921875 0.0234375 0.02265625
1 0.621875 0.9390625 0.02421875 0.0328125
1 0.74296875 0.78984375 0.03125 0.0328125
1 0.70078125 0.84609375 0.015625 0.0171875
1 0.82421875 0.91875 0.01796875 0.03046875