1 0.209375 0.18984375 0.0859375 0.08828125
1 0.284375 0.15390625 0.04609375 0.01953125
1 0.28984375 0.07578125 0.01875 0.02109375
1 0.403125 0.0671875 0.02890625 0.02265625
1 0.3953125 0.13671875 0.05390625 0.059375
1 0.5078125 0.08203125 0.021875 0.02734375
1 0.49453125 0.196875 0.0140625 0.03046875
1 0.62890625 0.05546875 0.0265625 0.03359375
1 0.6296875 0.196875 0.05859375 0.046875
1 0.6796875 0.34375 0.0859375 0.153125
1 0.52890625 0.275 0.01953125 0.02421875
1 0.4765625 0.3109375 0.03203125 0.03359375
1 0.571875 0.375 0.025 0.02578125
1 0.475 0.36875 0.021875 0.02109375
1 0.44765625 0.40390625 0.0234375 0.02265625
1 0.353125 0.3375 0.01953125 0.02265625
1 0.27578125 0.40625 0.01875 0.0171875
1 0.22578125 0.49609375 0.01640625 0.01796875
1 0.4046875 0.490625 0.14765625 0.0671875
1 0.30859375 0.6015625 0.0140625 0.03125
1 0.42734375 0.58203125 0.01328125 0.0203125
1 0.584375 0.58515625 0.1234375 0.11171875
1 0.45859375 0.6296875 0.02265625 0.01875
1 0.35 0.64296875 0.03125 0.01640625
1 0.3578125 0.69921875 0.02109375 0.0234375
1 0.47890625 0.69375 0.090625 0.0484375
1 0.56953125 0.740625 0.02421875 0.02109375
1 0.64296875 0.7078125 0.02109375 0.02734375
1 0.2421875 0.6734375 0.15078125 0.08984375
1 0.2078125 0.8359375 0.0234375 0.025
1 0.2171875 0.89296875 0.02265625 0.02265625
1 0.2390625 0.9328125 0.02421875 0.03125
1 0.31953125 0.83984375 0.0140625 0.01875
1 0.3625 0.78203125 0.03046875 0.03203125
1 0.484375 0.84453125 0.02421875 0.0265625
1 0.446875 0.9125 0.02734375 0.034375
1 0.5125 0.90234375 0.03125 0.025
1 0.5796875 0.9 0.0171875 0.02109375
1 0.66640625 0.84453125 0.03125 0.03359375
1 0.17265625 0.4875 0.01171875 0.02109375