1 0.353125 0.26953125 0.0125 0.0171875
1 0.259375 0.03828125 0.021875 0.01953125
1 0.27109375 0.2515625 0.028125 0.0265625
1 0.2734375 0.4203125 0.0234375 0.0234375
1 0.23046875 0.38359375 0.01953125 0.01796875
1 0.2203125 0.3265625 0.01953125 0.0203125
1 0.1671875 0.25625 0.01875 0.0234375
1 0.109375 0.221875 0.01953125 0.01875
1 0.19140625 0.11640625 0.01875 0.01953125
1 0.09921875 0.165625 0.015625 0.01640625
1 0.192578125 0.004296875 0.02578125 0.00859375
1 0.10703125 0.030078125 0.06875 0.06015625
1 0.015234375 0.003125 0.01796875 0.00625
1 0.003515625 0.041015625 0.00703125 0.03203125
1 0.005859375 0.033984375 0.01171875 0.02421875
1 0.007421875 0.083203125 0.01484375 0.01328125
1 0.022265625 0.16640625 0.04453125 0.1828125
1 0.0046875 0.230859375 0.009375 0.01796875
1 0.00703125 0.309375 0.0140625 0.0296875
1 0.00546875 0.351171875 0.0109375 0.03515625
1 0.004296875 0.31484375 0.00859375 0.0265625
1 0.006640625 0.445703125 0.01328125 0.02421875
1 0.0140625 0.39765625 0.028125 0.0421875
1 0.04375 0.46484375 0.0484375 0.05
1 0.05859375 0.52734375 0.03125 0.01484375
1 0.121875 0.440625 0.0171875 0.0140625
1 0.1109375 0.34296875 0.02578125 0.0125
1 0.0625 0.334375 0.0140625 0.01328125
1 0.23203125 0.49609375 0.028125 0.02890625
1 0.006640625 0.481640625 0.01328125 0.02578125
1 0.004296875 0.55390625 0.00859375 0.0109375
1 0.005859375 0.38515625 0.01171875 0.0203125
1 0.0078125 0.461328125 0.015625 0.03359375
1 0.005078125 0.357421875 0.01015625 0.01796875
1 0.019140625 0.28359375 0.03828125 0.06875
1 0.01953125 0.23828125 0.0390625 0.0390625
1 0.00625 0.18046875 0.0125 0.0234375
1 0.00546875 0.1703125 0.0109375 0.0234375
1 0.008203125 0.148828125 0.01640625 0.02421875
1 0.008203125 0.028125 0.01640625 0.03125
1 0.004296875 0.0703125 0.00859375 0.015625
1 0.007421875 0.004296875 0.01484375 0.00859375
0 0.979296875 0.4828125 0.04140625 0.0453125
0 0.984375 0.30234375 0.03046875 0.0296875
0 0.87421875 0.5 0.0671875 0.03984375
0 0.88046875 0.43359375 0.028125 0.04453125
0 0.8953125 0.33984375 0.08203125 0.10234375
0 0.734375 0.48359375 0.0234375 0.03046875
0 0.77734375 0.41796875 0.04296875 0.02734375
0 0.7875 0.30078125 0.0328125 0.046875
0 0.728125 0.1921875 0.02890625 0.034375
0 0.65234375 0.28125 0.03125 0.02578125
0 0.6671875 0.4265625 0.01953125 0.02734375
0 0.525 0.52421875 0.0609375 0.0703125
0 0.5734375 0.40859375 0.03359375 0.02890625
0 0.5265625 0.34765625 0.03671875 0.0265625
0 0.52578125 0.3078125 0.01953125 0.01953125
0 0.490625 0.2359375 0.03359375 0.02578125
0 0.43828125 0.440625 0.03046875 0.01796875
0 0.3796875 0.35234375 0.02890625 0.03046875
0 0.366796875 0.283203125 0.01484375 0.02578125
0 0.365234375 0.449609375 0.01171875 0.01796875
0 0.3671875 0.543359375 0.015625 0.03203125
2 0.30859375 0.8703125 0.0375 0.03359375
2 0.2859375 0.7296875 0.05859375 0.06953125
2 0.2796875 0.56484375 0.0328125 0.0109375
2 0.24453125 0.565234375 0.025 0.01171875
2 0.190625 0.6859375 0.0390625 0.034375
2 0.184375 0.9765625 0.0390625 0.0421875
2 0.14453125 0.86484375 0.02421875 0.0234375
2 0.1125 0.566796875 0.0328125 0.01484375
2 0.109765625 0.565625 0.02578125 0.0125
2 0.03984375 0.74765625 0.0671875 0.06640625
2 0.040625 0.8875 0.02734375 0.0328125
2 0.007421875 0.923828125 0.01484375 0.03046875
3 0.965625 0.90703125 0.03671875 0.0375
3 0.9734375 0.85859375 0.04453125 0.04296875
3 0.91640625 0.95859375 0.0390625 0.0390625
3 0.89609375 0.8578125 0.040625 0.0359375
3 0.83828125 0.98828125 0.0390625 0.0234375
3 0.7296875 0.85234375 0.0375 0.0375
3 0.82890625 0.79609375 0.040625 0.03671875
3 0.93203125 0.78359375 0.03984375 0.034375
3 0.81015625 0.69765625 0.040625 0.0375
3 0.83984375 0.60546875 0.03359375 0.03359375
3 0.77421875 0.75859375 0.021875 0.01796875
3 0.68984375 0.77109375 0.021875 0.01953125
3 0.66171875 0.7890625 0.02421875 0.02265625
3 0.65625 0.65703125 0.028125 0.02734375
3 0.6609375 0.61953125 0.02578125 0.0234375
3 0.5765625 0.75 0.04296875 0.03828125
3 0.53125 0.64921875 0.04765625 0.0453125
3 0.50078125 0.7421875 0.03125 0.02734375
3 0.4421875 0.64375 0.04296875 0.0390625
3 0.43359375 0.784375 0.04296875 0.04140625
3 0.554296875 0.980078125 0.04609375 0.03984375
3 0.50390625 0.9609375 0.021875 0.0171875
3 0.36875 0.969921875 0.01875 0.03828125
3 0.368359375 0.909765625 0.01796875 0.03828125
3 0.369140625 0.789453125 0.01953125 0.03046875
3 0.371875 0.80625 0.025 0.05
3 0.370703125 0.69140625 0.02265625 0.046875