1 0.415625 0.540625 0.02890625 0.02578125
1 0.49921875 0.53203125 0.01640625 0.0296875
1 0.27578125 0.4828125 0.01875 0.02265625
1 0.005859375 0.552734375 0.01171875 0.01328125
1 0.005078125 0.415234375 0.01015625 0.02421875
1 0.012109375 0.463671875 0.02421875 0.05390625
1 0.04609375 0.40625 0.03984375 0.0421875
1 0.38671875 0.43203125 0.03984375 0.0171875
1 0.32890625 0.221875 0.02734375 0.03203125
1 0.37421875 0.10078125 0.02265625 0.025
1 0.5 0.08828125 0.01484375 0.025
1 0.22421875 0.21171875 0.02265625 0.025
1 0.21875 0.14453125 0.02734375 0.02265625
1 0.1375 0.11171875 0.015625 0.01640625
1 0.0859375 0.09296875 0.021875 0.028125
1 0.084375 0.005859375 0.0203125 0.01171875
1 0.087890625 0.005078125 0.02109375 0.01015625
1 0.11640625 0.008984375 0.028125 0.01796875
1 0.1875 0.00546875 0.01875 0.0109375
1 0.253125 0.0109375 0.021875 0.021875
1 0.34453125 0.01015625 0.0296875 0.0203125
1 0.430078125 0.005859375 0.02109375 0.01171875
1 0.4765625 0.02265625 0.021875 0.02578125
1 0.28203125 0.03203125 0.01640625 0.0234375
1 0.203125 0.02109375 0.02890625 0.03203125
1 0.015234375 0.0453125 0.03046875 0.0546875
1 0.015625 0.26328125 0.021875 0.0265625
1 0.50234375 0.36015625 0.009375 0.01328125
2 0.5921875 0.543359375 0.034375 0.03203125
2 0.8015625 0.54765625 0.065625 0.0234375
2 0.555078125 0.515234375 0.01015625 0.02421875
2 0.558984375 0.480859375 0.01796875 0.03359375
2 0.73203125 0.5265625 0.0203125 0.02109375
2 0.555078125 0.4828125 0.01015625 0.0234375
2 0.55390625 0.382421875 0.0078125 0.01953125
2 0.5546875 0.446484375 0.009375 0.02265625
2 0.6125 0.43203125 0.025 0.02421875
2 0.70234375 0.459375 0.028125 0.03125
2 0.79140625 0.44375 0.01640625 0.02265625
2 0.921875 0.39375 0.0359375 0.04609375
2 0.556640625 0.38828125 0.01328125 0.0359375
2 0.6453125 0.371875 0.02578125 0.02578125
2 0.7734375 0.3875 0.0203125 0.0234375
2 0.7140625 0.35703125 0.02109375 0.01953125
2 0.556640625 0.278515625 0.01328125 0.02578125
2 0.5609375 0.3296875 0.021875 0.046875
2 0.68828125 0.309375 0.01953125 0.0234375
2 0.834375 0.31875 0.02109375 0.02109375
2 0.7328125 0.2875 0.02109375 0.0265625
2 0.566015625 0.2640625 0.03203125 0.0328125
2 0.55703125 0.185546875 0.0140625 0.02265625
2 0.555859375 0.221875 0.01171875 0.021875
2 0.55625 0.188671875 0.0125 0.02109375
2 0.6859375 0.2109375 0.025 0.025
2 0.85859375 0.22265625 0.04296875 0.04140625
2 0.73203125 0.190625 0.04296875 0.0203125
2 0.557421875 0.124609375 0.01484375 0.03046875
2 0.74140625 0.13671875 0.02421875 0.0234375
2 0.82578125 0.10078125 0.025 0.0234375
2 0.63203125 0.07734375 0.021875 0.01953125
2 0.558984375 0.05625 0.01796875 0.021875
2 0.55625 0.021484375 0.0125 0.03515625
2 0.556640625 0.009375 0.01328125 0.01875
2 0.88359375 0.028125 0.01484375 0.0203125
2 0.620703125 0.008984375 0.03046875 0.01796875
2 0.74296875 0.00625 0.01875 0.0125
2 0.782421875 0.007421875 0.03203125 0.01484375
2 0.55703125 0.008203125 0.0140625 0.01640625
3 0.008984375 0.91484375 0.01796875 0.0359375
3 0.12421875 0.984375 0.03125 0.03125
3 0.00859375 0.685546875 0.0171875 0.03515625
3 0.1109375 0.62734375 0.0390625 0.03984375
2 0.742578125 0.99375 0.02109375 0.0125
2 0.753125 0.93828125 0.0203125 0.021875
2 0.5546875 0.994921875 0.009375 0.01015625
2 0.555078125 0.962890625 0.01015625 0.02109375
2 0.555859375 0.975390625 0.01171875 0.02421875
2 0.56484375 0.944921875 0.0296875 0.04140625
2 0.55546875 0.933984375 0.0109375 0.02421875
2 0.555859375 0.9 0.01171875 0.0203125
2 0.553515625 0.891015625 0.00703125 0.01796875
2 0.55625 0.8703125 0.0125 0.0265625
2 0.554296875 0.82890625 0.00859375 0.0203125
2 0.553515625 0.846875 0.00703125 0.0171875
2 0.6 0.86875 0.025 0.0265625
2 0.554296875 0.809375 0.00859375 0.01875
2 0.555859375 0.804296875 0.01171875 0.01953125
2 0.555078125 0.80625 0.01015625 0.0203125
2 0.6828125 0.7953125 0.0234375 0.0359375
2 0.74296875 0.7921875 0.028125 0.021875
2 0.559375 0.74921875 0.01875 0.04375
2 0.5546875 0.75859375 0.009375 0.021875
2 0.5546875 0.75234375 0.009375 0.021875
2 0.555078125 0.705859375 0.01015625 0.02265625
2 0.55390625 0.658984375 0.0078125 0.02265625
2 0.55546875 0.66953125 0.0109375 0.028125
2 0.554296875 0.665234375 0.00859375 0.01796875
2 0.5546875 0.681640625 0.009375 0.01953125
2 0.5734375 0.66875 0.02265625 0.0203125
2 0.6703125 0.6796875 0.03671875 0.0234375
2 0.73046875 0.640625 0.01796875 0.02109375
2 0.81171875 0.6546875 0.01953125 0.0234375
2 0.646875 0.5984375 0.0234375 0.02109375
2 0.554296875 0.58359375 0.00859375 0.0171875
2 0.555859375 0.56484375 0.01171875 0.0109375
2 0.5578125 0.5671875 0.015625 0.015625
2 0.555078125 0.5640625 0.01015625 0.009375
2 0.5546875 0.564453125 0.009375 0.01015625
2 0.5546875 0.56640625 0.009375 0.0140625
2 0.557421875 0.565234375 0.01484375 0.01171875
2 0.554296875 0.5640625 0.00859375 0.009375
2 0.555078125 0.565625 0.01015625 0.0125
2 0.5640625 0.570703125 0.028125 0.02265625
2 0.557421875 0.5671875 0.01484375 0.015625
2 0.56171875 0.564453125 0.021875 0.01015625
2 0.612890625 0.565625 0.02421875 0.0125
2 0.660546875 0.566015625 0.02734375 0.01328125
2 0.741796875 0.565625 0.02109375 0.0125
2 0.70625 0.567578125 0.028125 0.01640625
2 0.622265625 0.5671875 0.03828125 0.015625