1 0.56484375 0.478125 0.02109375 0.01953125
1 0.6203125 0.375 0.02890625 0.02578125
1 0.48046875 0.3171875 0.01875 0.02265625
1 0.3046875 0.4734375 0.0203125 0.02734375
1 0.38515625 0.41640625 0.021875 0.02265625
1 0.24921875 0.41875 0.02109375 0.01953125
1 0.19921875 0.4578125 0.01953125 0.025
1 0.11875 0.39375 0.02421875 0.02578125
1 0.11171875 0.25 0.02109375 0.02421875
1 0.184375 0.2984375 0.0484375 0.05390625
1 0.25078125 0.240625 0.03984375 0.0421875
1 0.59140625 0.26640625 0.03984375 0.0171875
1 0.53359375 0.05625 0.02734375 0.03203125
1 0.578515625 0.00625 0.02265625 0.0125
1 0.42890625 0.04609375 0.02265625 0.025
1 0.423046875 0.00546875 0.02734375 0.0109375
1 0.3421875 0.00390625 0.015625 0.0078125
1 0.290625 0.00703125 0.021875 0.0140625
1 0.2890625 0.005859375 0.0203125 0.01171875
1 0.292578125 0.005078125 0.02109375 0.01015625
1 0.32109375 0.008984375 0.028125 0.01796875
1 0.3921875 0.00546875 0.01875 0.0109375
1 0.4578125 0.0109375 0.021875 0.021875
1 0.54921875 0.01015625 0.0296875 0.0203125
1 0.63203125 0.005859375 0.015625 0.01171875
1 0.486328125 0.005859375 0.01640625 0.01171875
1 0.407421875 0.0078125 0.02890625 0.015625
1 0.153515625 0.013671875 0.06171875 0.02734375
1 0.2203125 0.09765625 0.021875 0.0265625
3 0.64453125 0.539453125 0.009375 0.02109375
3 0.65 0.51171875 0.0203125 0.0375
3 0.76015625 0.51484375 0.01875 0.0203125
3 0.95859375 0.52734375 0.0421875 0.0453125
3 0.76640625 0.4609375 0.0359375 0.03828125
3 0.987109375 0.408203125 0.02578125 0.04453125
3 0.815625 0.39609375 0.0390625 0.03828125
3 0.7859375 0.334375 0.03125 0.03515625
3 0.83984375 0.271875 0.04453125 0.04609375
3 0.9421875 0.3015625 0.02265625 0.02109375
3 0.994921875 0.23671875 0.01015625 0.01875
3 0.65 0.458203125 0.0203125 0.03515625
3 0.65078125 0.41875 0.021875 0.0375
3 0.648828125 0.3796875 0.01796875 0.0390625
3 0.644140625 0.309375 0.00859375 0.01875
3 0.64375 0.263671875 0.0078125 0.02109375
3 0.64375 0.262109375 0.0078125 0.01953125
3 0.7484375 0.2203125 0.0484375 0.046875
3 0.646875 0.20234375 0.0140625 0.0296875
3 0.644921875 0.152734375 0.01015625 0.02109375
3 0.644140625 0.1578125 0.00859375 0.021875
3 0.64375 0.10234375 0.0078125 0.01875
3 0.76953125 0.14765625 0.03046875 0.03515625
3 0.83125 0.11171875 0.02421875 0.0265625
3 0.975 0.10703125 0.034375 0.0359375
3 0.96171875 0.04453125 0.03046875 0.0359375
3 0.973046875 0.009375 0.03515625 0.01875
3 0.8 0.0171875 0.0265625 0.0265625
3 0.848828125 0.0046875 0.02578125 0.009375
3 0.728125 0.01171875 0.0453125 0.0234375
3 0.6453125 0.005078125 0.0109375 0.01015625
3 0.649609375 0.01015625 0.01953125 0.0203125
3 0.650390625 0.01015625 0.02109375 0.0203125
3 0.706640625 0.008984375 0.03828125 0.01796875
3 0.644140625 0.00546875 0.00859375 0.0109375
1 0.47421875 0.934375 0.0171875 0.02265625
1 0.6140625 0.88203125 0.03125 0.02734375
1 0.3046875 0.86796875 0.02109375 0.0171875
1 0.43046875 0.81171875 0.01875 0.0203125
1 0.13359375 0.95234375 0.02109375 0.03515625
1 0.20078125 0.8390625 0.0203125 0.0203125
1 0.359375 0.78984375 0.05234375 0.090625
1 0.1046875 0.75703125 0.0265625 0.01953125
1 0.26328125 0.7390625 0.01640625 0.02265625
1 0.528125 0.77109375 0.03671875 0.0578125
1 0.50546875 0.70546875 0.01953125 0.0203125
1 0.60625 0.59453125 0.0203125 0.028125
1 0.11015625 0.6375 0.0296875 0.03125
1 0.16796875 0.6046875 0.053125 0.05
1 0.29296875 0.56171875 0.01875 0.0203125
1 0.396484375 0.55703125 0.01953125 0.0140625
1 0.170703125 0.55625 0.02109375 0.0125
1 0.275390625 0.554296875 0.01640625 0.00859375
1 0.498046875 0.557421875 0.02578125 0.01484375
1 0.8859375 0.98125 0.02578125 0.02734375
1 0.78359375 0.93984375 0.01953125 0.02421875
1 0.71171875 0.950390625 0.1359375 0.09921875
1 0.79609375 0.86015625 0.02109375 0.01796875
1 0.91171875 0.88984375 0.0359375 0.01953125
1 0.83671875 0.85859375 0.01796875 0.0203125
1 0.725 0.8296875 0.0109375 0.0140625
1 0.64453125 0.834375 0.009375 0.0234375
1 0.647265625 0.748828125 0.01484375 0.02890625
1 0.7265625 0.721875 0.0265625 0.03125
1 0.78359375 0.74375 0.02265625 0.028125
1 0.8390625 0.81640625 0.03359375 0.0296875
1 0.92109375 0.77265625 0.02890625 0.0296875
1 0.976171875 0.7375 0.04765625 0.0484375
1 0.890625 0.6703125 0.01640625 0.0203125
1 0.89765625 0.5953125 0.01875 0.025
1 0.98203125 0.59921875 0.0203125 0.0234375