1 0.4515625 0.08984375 0.03125 0.025
1 0.59921875 0.05234375 0.0234375 0.03046875
1 0.7734375 0.17734375 0.02109375 0.02578125
1 0.6859375 0.2140625 0.02109375 0.01953125
1 0.7734375 0.24140625 0.02421875 0.01796875
1 0.74140625 0.3171875 0.02890625 0.02578125
1 0.825 0.32578125 0.01640625 0.0296875
1 0.6015625 0.375 0.01875 0.02265625
1 0.42578125 0.21875 0.0203125 0.02734375
1 0.50625 0.27578125 0.021875 0.02265625
1 0.3703125 0.2734375 0.02109375 0.01953125
1 0.3203125 0.234375 0.01953125 0.025
1 0.23984375 0.2984375 0.02421875 0.02578125
1 0.2328125 0.4421875 0.02109375 0.02421875
1 0.30546875 0.39375 0.0484375 0.05390625
1 0.371875 0.4515625 0.03984375 0.0421875
1 0.7125 0.42578125 0.03984375 0.0171875
1 0.6546875 0.6359375 0.02734375 0.03203125
1 0.7 0.75703125 0.02265625 0.025
1 0.82578125 0.76953125 0.01484375 0.025
1 0.55 0.64609375 0.02265625 0.025
1 0.54453125 0.71328125 0.02734375 0.02265625
1 0.46328125 0.74609375 0.015625 0.01640625
1 0.41171875 0.76484375 0.021875 0.028125
1 0.41015625 0.8859375 0.0203125 0.0234375
1 0.4140625 0.98984375 0.02109375 0.0203125
1 0.4421875 0.90703125 0.028125 0.0359375
1 0.51328125 0.93125 0.01875 0.021875
1 0.57890625 0.940625 0.021875 0.04375
1 0.6703125 0.93203125 0.0296875 0.04140625
1 0.75625 0.93125 0.02109375 0.02421875
1 0.80234375 0.83515625 0.021875 0.02578125
1 0.6078125 0.82578125 0.01640625 0.0234375
1 0.52890625 0.83671875 0.02890625 0.03203125
1 0.275 0.8125 0.06171875 0.0546875
1 0.34140625 0.59453125 0.021875 0.0265625
1 0.828125 0.49765625 0.009375 0.01328125