1 0.2921875 0.13828125 0.03125 0.03515625
1 0.178125 0.21953125 0.0234375 0.02578125
1 0.175 0.14453125 0.01640625 0.05234375
1 0.296875 0.22890625 0.02421875 0.0203125
1 0.45625 0.10078125 0.040625 0.046875
1 0.47109375 0.1671875 0.01953125 0.01796875
1 0.42109375 0.24609375 0.01953125 0.01875
1 0.603125 0.1078125 0.025 0.02421875
1 0.5828125 0.18671875 0.02265625 0.0328125
1 0.68671875 0.265625 0.0828125 0.06875
1 0.5703125 0.36015625 0.15078125 0.1265625
1 0.7203125 0.3859375 0.09765625 0.05234375
1 0.4640625 0.36171875 0.02109375 0.0375
1 0.3625 0.38671875 0.02734375 0.0390625
1 0.23828125 0.3734375 0.0390625 0.040625
1 0.2875 0.50625 0.05703125 0.09921875
1 0.18671875 0.57265625 0.0265625 0.02890625
1 0.49375 0.44921875 0.03515625 0.03046875
1 0.49765625 0.52421875 0.03359375 0.03515625
1 0.64921875 0.5484375 0.01640625 0.01953125
1 0.721875 0.48515625 0.0203125 0.01953125
1 0.57890625 0.6421875 0.0265625 0.03046875
1 0.7 0.684375 0.05234375 0.0875
1 0.7484375 0.76328125 0.05390625 0.04296875
1 0.67109375 0.82109375 0.01953125 0.0265625
1 0.528125 0.73984375 0.03828125 0.0390625
1 0.54375 0.79453125 0.01875 0.03359375
1 0.48359375 0.83046875 0.01953125 0.021875
1 0.4421875 0.8203125 0.0171875 0.0203125
1 0.5625 0.91875 0.0703125 0.07421875
1 0.42265625 0.9 0.0203125 0.02421875
1 0.36171875 0.8390625 0.04765625 0.03984375
1 0.20078125 0.903125 0.02734375 0.028125
1 0.23515625 0.74921875 0.03515625 0.03828125
1 0.31484375 0.6953125 0.0203125 0.021875
1 0.45234375 0.63046875 0.021875 0.03359375