1 0.6171875 0.00859375 0.025 0.0171875
1 0.615234375 0.005078125 0.02421875 0.01015625
1 0.45625 0.01171875 0.040625 0.0234375
1 0.441015625 0.004296875 0.01953125 0.00859375
1 0.491015625 0.0046875 0.01953125 0.009375
1 0.309375 0.005859375 0.025 0.01171875
1 0.329296875 0.008203125 0.02265625 0.01640625
1 0.22578125 0.0171875 0.0828125 0.034375
1 0.341796875 0.055078125 0.15078125 0.11015625
1 0.1921875 0.07265625 0.09765625 0.05234375
1 0.4484375 0.0484375 0.02109375 0.0375
1 0.55 0.0734375 0.02734375 0.0390625
1 0.612890625 0.192578125 0.03359375 0.09921875
1 0.41875 0.1359375 0.03515625 0.03046875
1 0.41484375 0.2109375 0.03359375 0.03515625
1 0.26328125 0.23515625 0.01640625 0.01953125
1 0.190625 0.171875 0.0203125 0.01953125
1 0.33359375 0.32890625 0.0265625 0.03046875
1 0.2125 0.37109375 0.05234375 0.0875
1 0.1640625 0.45 0.05390625 0.04296875
1 0.24140625 0.5078125 0.01953125 0.0265625
1 0.384375 0.4265625 0.03828125 0.0390625
1 0.36875 0.48125 0.01875 0.03359375
1 0.42890625 0.5171875 0.01953125 0.021875
1 0.4703125 0.50703125 0.0171875 0.0203125
1 0.55078125 0.52578125 0.04765625 0.03984375
1 0.59765625 0.38203125 0.0203125 0.021875
1 0.46015625 0.3171875 0.021875 0.03359375
0 0.859765625 0.00703125 0.02265625 0.0140625
0 0.755859375 0.016015625 0.06171875 0.03203125
0 0.939453125 0.00625 0.01953125 0.0125
0 0.85625 0.006640625 0.0328125 0.01328125
0 0.64375 0.00859375 0.025 0.0171875
0 0.6765625 0.00703125 0.025 0.0140625
0 0.635546875 0.00859375 0.01171875 0.0171875
0 0.638671875 0.00703125 0.01796875 0.0140625
0 0.6421875 0.011328125 0.025 0.02265625
0 0.6390625 0.0078125 0.01875 0.015625
0 0.6390625 0.010546875 0.01875 0.02109375
0 0.640234375 0.07578125 0.02109375 0.053125
0 0.635546875 0.134375 0.01171875 0.028125
0 0.63828125 0.12421875 0.0171875 0.028125
0 0.78125 0.0515625 0.025 0.02421875
0 0.96171875 0.17421875 0.025 0.02890625
0 0.82734375 0.17421875 0.03359375 0.028125
0 0.6828125 0.171875 0.05234375 0.0328125
0 0.63515625 0.196484375 0.0109375 0.02265625
0 0.66875 0.23671875 0.025 0.02109375
0 0.637890625 0.262109375 0.01640625 0.02265625
0 0.634375 0.33359375 0.009375 0.021875
0 0.637109375 0.369921875 0.01484375 0.03359375
0 0.73203125 0.346875 0.04453125 0.04140625
0 0.640234375 0.4015625 0.02109375 0.0390625
0 0.6359375 0.456640625 0.0125 0.03671875
0 0.65390625 0.4140625 0.03359375 0.06328125
0 0.642578125 0.516796875 0.02578125 0.06015625
0 0.68203125 0.5125 0.0265625 0.021875
0 0.77109375 0.47265625 0.03671875 0.02265625
0 0.76875 0.52109375 0.04140625 0.059375
0 0.8859375 0.3265625 0.0203125 0.021875
0 0.9609375 0.3609375 0.0359375 0.03203125
3 0.42109375 0.568359375 0.0359375 0.01796875
3 0.360546875 0.56953125 0.04296875 0.0203125
3 0.249609375 0.5703125 0.04765625 0.021875
3 0.3203125 0.571484375 0.0390625 0.02421875
3 0.442578125 0.570703125 0.03984375 0.02265625
3 0.1765625 0.5703125 0.04375 0.021875
3 0.20546875 0.567578125 0.0359375 0.01640625
3 0.158203125 0.565625 0.02734375 0.0125
3 0.1875 0.564453125 0.0171875 0.01015625
3 0.138671875 0.569140625 0.03984375 0.01953125
3 0.081640625 0.5765625 0.03671875 0.034375
3 0.178125 0.62734375 0.021875 0.02578125
3 0.4625 0.58671875 0.03515625 0.03828125
3 0.3859375 0.5875 0.0359375 0.0390625
3 0.290625 0.66484375 0.040625 0.03984375
3 0.010546875 0.568359375 0.02109375 0.01796875
3 0.0390625 0.5703125 0.0421875 0.021875
3 0.00546875 0.566015625 0.0109375 0.01328125
3 0.009765625 0.569140625 0.01953125 0.01953125
3 0.009375 0.56875 0.01875 0.01875
3 0.007421875 0.5671875 0.01484375 0.015625
3 0.00859375 0.59765625 0.0171875 0.0328125
3 0.06484375 0.66640625 0.03984375 0.0421875
3 0.04375 0.72578125 0.01875 0.02421875
3 0.0046875 0.765625 0.009375 0.0234375
3 0.011328125 0.769140625 0.02265625 0.04609375
3 0.0046875 0.819921875 0.009375 0.02265625
3 0.0046875 0.83203125 0.009375 0.025
3 0.09296875 0.7671875 0.04765625 0.04375
3 0.096875 0.81953125 0.0171875 0.021875
3 0.228125 0.7078125 0.0359375 0.03828125
3 0.24296875 0.78828125 0.03515625 0.03515625
3 0.328125 0.734375 0.03203125 0.034375
3 0.40546875 0.7828125 0.03671875 0.0421875
3 0.446875 0.68515625 0.03671875 0.03515625
3 0.45546875 0.92578125 0.021875 0.0265625
3 0.40078125 0.8796875 0.02265625 0.02734375
3 0.24921875 0.8609375 0.03203125 0.034375
3 0.18828125 0.8484375 0.01875 0.02265625
3 0.14921875 0.9 0.0265625 0.0265625
3 0.11015625 0.89375 0.02578125 0.03046875
3 0.009375 0.9734375 0.01875 0.040625
3 0.266015625 0.994140625 0.04296875 0.01171875
2 0.912890625 0.566796875 0.02578125 0.01484375
2 0.97265625 0.58046875 0.0546875 0.0421875
2 0.90625 0.5640625 0.01875 0.009375
2 0.81796875 0.5640625 0.0203125 0.009375
2 0.8296875 0.565234375 0.0265625 0.01171875
2 0.70859375 0.564453125 0.0203125 0.01015625
2 0.678515625 0.56328125 0.01796875 0.0078125
2 0.691015625 0.565625 0.02109375 0.0125
2 0.7359375 0.56484375 0.01875 0.0109375
2 0.851171875 0.566796875 0.02578125 0.01484375
2 0.938671875 0.5640625 0.01796875 0.009375
2 0.978125 0.56484375 0.025 0.0109375
2 0.863671875 0.564453125 0.01953125 0.01015625
2 0.91640625 0.565625 0.0234375 0.0125
2 0.90078125 0.563671875 0.0140625 0.00859375
2 0.8125 0.563671875 0.0234375 0.00859375
2 0.778515625 0.5703125 0.02578125 0.021875
2 0.76328125 0.609375 0.015625 0.01953125
2 0.96796875 0.58828125 0.015625 0.0203125
2 0.72890625 0.62890625 0.0140625 0.01953125
2 0.678125 0.6328125 0.015625 0.01796875
2 0.6765625 0.590625 0.0125 0.01484375
2 0.676171875 0.5640625 0.01171875 0.009375
2 0.696875 0.6890625 0.03671875 0.04375
2 0.81171875 0.6796875 0.01796875 0.0203125
2 0.92890625 0.6875 0.01875 0.0234375
2 0.973046875 0.8171875 0.05390625 0.05625
2 0.88984375 0.7328125 0.02109375 0.021875
2 0.8484375 0.78046875 0.01640625 0.021875
2 0.79140625 0.76953125 0.0234375 0.028125
2 0.7015625 0.77265625 0.0171875 0.01875
2 0.69296875 0.85625 0.01796875 0.0171875
2 0.7265625 0.92421875 0.03046875 0.021875
2 0.75703125 0.9765625 0.01796875 0.02421875
2 0.6765625 0.975 0.01171875 0.02734375
2 0.787109375 0.992578125 0.01796875 0.01484375
2 0.865625 0.9046875 0.02265625 0.021875