1 0.00859375 0.0078125 0.0171875 0.015625
1 0.00625 0.005859375 0.0125 0.01171875
1 0.012890625 0.00390625 0.02578125 0.0078125
1 0.008984375 0.005859375 0.01796875 0.01171875
1 0.01171875 0.12734375 0.0234375 0.040625
1 0.004296875 0.141796875 0.00859375 0.01953125
1 0.025 0.0921875 0.01875 0.01953125
1 0.005859375 0.27421875 0.01171875 0.025
1 0.008203125 0.253515625 0.01640625 0.02265625
1 0.04453125 0.3578125 0.06875 0.0828125
1 0.1390625 0.24140625 0.1265625 0.15078125
1 0.16484375 0.39140625 0.05234375 0.09765625
1 0.140625 0.13515625 0.0375 0.02109375
1 0.165625 0.03359375 0.0390625 0.02734375
1 0.15234375 0.009765625 0.040625 0.01953125
1 0.284765625 0.0140625 0.09921875 0.028125
1 0.351171875 0.006640625 0.02890625 0.01328125
1 0.228125 0.16484375 0.03046875 0.03515625
1 0.303125 0.16875 0.03515625 0.03359375
1 0.32734375 0.3203125 0.01953125 0.01640625
1 0.2640625 0.39296875 0.01953125 0.0203125
1 0.42109375 0.25 0.03046875 0.0265625
1 0.46328125 0.37109375 0.0875 0.05234375
1 0.5421875 0.41953125 0.04296875 0.05390625
1 0.51875 0.19921875 0.0390625 0.03828125
1 0.56796875 0.21484375 0.0234375 0.01875
1 0.527734375 0.00859375 0.03828125 0.0171875
1 0.47421875 0.005078125 0.021875 0.01015625
1 0.409375 0.1234375 0.03359375 0.021875
3 0.588671875 0.172265625 0.01796875 0.03359375
3 0.64765625 0.103125 0.05390625 0.053125
3 0.62265625 0.21875 0.040625 0.03984375
3 0.71953125 0.15 0.0515625 0.04765625
3 0.71953125 0.33828125 0.03671875 0.03359375
3 0.65625 0.41171875 0.04765625 0.04375
3 0.83828125 0.453125 0.03984375 0.0421875
3 0.884375 0.36171875 0.0390625 0.04296875
3 0.8234375 0.23203125 0.0453125 0.0421875
3 0.983984375 0.308984375 0.03203125 0.04453125
3 0.79140625 0.03828125 0.03359375 0.03203125
3 0.8703125 0.03671875 0.03984375 0.04453125
3 0.940625 0.18203125 0.04296875 0.0453125
3 0.9859375 0.009375 0.028125 0.01875
2 0.00859375 0.526953125 0.0171875 0.01484375
2 0.0046875 0.562109375 0.009375 0.01796875
2 0.005859375 0.53515625 0.01171875 0.025
2 0.006640625 0.525 0.01328125 0.0109375
2 0.004296875 0.523828125 0.00859375 0.00859375
2 0.004296875 0.523828125 0.00859375 0.00859375
2 0.0046875 0.525390625 0.009375 0.01171875
2 0.00546875 0.605859375 0.0109375 0.02421875
2 0.0046875 0.547265625 0.009375 0.01328125
2 0.0046875 0.7296875 0.009375 0.015625
2 0.010546875 0.767578125 0.02109375 0.02265625
2 0.003515625 0.63125 0.00703125 0.0140625
2 0.005078125 0.523828125 0.01015625 0.00859375
2 0.006640625 0.64375 0.01328125 0.021875
2 0.005859375 0.737109375 0.01171875 0.01953125
2 0.009765625 0.794921875 0.01953125 0.03671875
2 0.00625 0.88203125 0.0125 0.025
2 0.0046875 0.916796875 0.009375 0.01953125
2 0.0046875 0.5234375 0.009375 0.0078125
2 0.005859375 0.524609375 0.01171875 0.01015625
2 0.039453125 0.5265625 0.02421875 0.0140625
2 0.0046875 0.52421875 0.009375 0.009375
2 0.0375 0.52421875 0.0171875 0.009375
2 0.034375 0.63125 0.04296875 0.034375
2 0.0625 0.6921875 0.0234375 0.02421875
2 0.092578125 0.52265625 0.01640625 0.00625
2 0.141796875 0.5234375 0.01796875 0.0078125
2 0.136328125 0.52421875 0.02109375 0.009375
2 0.128125 0.67578125 0.0203125 0.0203125
2 0.1421875 0.65 0.0265625 0.02265625
2 0.1109375 0.7421875 0.0203125 0.01875
2 0.03984375 0.81875 0.03125 0.02421875
2 0.0984375 0.89375 0.0296875 0.02421875
2 0.13203125 0.83359375 0.0203125 0.01953125
2 0.14609375 0.8828125 0.0203125 0.01796875
2 0.18671875 0.775 0.0296875 0.0296875
2 0.23671875 0.83046875 0.028125 0.0234375
2 0.203125 0.6890625 0.01796875 0.01875
2 0.20234375 0.6203125 0.02109375 0.01953125
2 0.204296875 0.528125 0.03359375 0.0171875
2 0.21953125 0.525390625 0.0234375 0.01171875
2 0.2515625 0.525390625 0.0171875 0.01171875
2 0.24765625 0.58984375 0.02734375 0.02109375
2 0.28671875 0.68828125 0.0171875 0.0140625
2 0.35078125 0.526171875 0.028125 0.01328125
2 0.43828125 0.5234375 0.01875 0.0078125
2 0.398828125 0.5265625 0.03203125 0.0140625
2 0.3609375 0.523828125 0.0171875 0.00859375
2 0.3859375 0.5375 0.01953125 0.01796875
2 0.34921875 0.6171875 0.0203125 0.01953125
2 0.36171875 0.684375 0.01875 0.0171875
2 0.36171875 0.73828125 0.025 0.01875
2 0.37421875 0.77890625 0.0234375 0.021875
2 0.409375 0.82421875 0.01953125 0.01640625
2 0.44765625 0.65859375 0.0203125 0.01796875
2 0.3546875 0.8640625 0.02890625 0.034375
2 0.4015625 0.8765625 0.01796875 0.01796875
2 0.51953125 0.73359375 0.0234375 0.0203125
2 0.44921875 0.71953125 0.02890625 0.0234375
2 0.5203125 0.571875 0.0328125 0.03359375
2 0.528125 0.525390625 0.0265625 0.01171875
2 0.5453125 0.535546875 0.06875 0.03203125
0 0.586328125 0.524609375 0.01328125 0.01015625
0 0.584765625 0.525390625 0.01015625 0.01171875
0 0.5859375 0.52890625 0.0125 0.01875
0 0.583203125 0.6625 0.00703125 0.025
0 0.5875 0.541015625 0.015625 0.03671875
0 0.586328125 0.6515625 0.01328125 0.0296875
0 0.58828125 0.529296875 0.0171875 0.01953125
0 0.587109375 0.525 0.01484375 0.0109375
0 0.5859375 0.651171875 0.0125 0.03203125
0 0.585546875 0.80234375 0.01171875 0.028125
0 0.58828125 0.812890625 0.0171875 0.02578125
0 0.585546875 0.769921875 0.01171875 0.02734375
0 0.583984375 0.8578125 0.00859375 0.015625
0 0.60078125 0.828125 0.02109375 0.021875
0 0.587109375 0.762890625 0.01484375 0.02734375
0 0.598828125 0.56171875 0.03828125 0.0671875
0 0.585546875 0.525 0.01171875 0.0109375
0 0.60859375 0.5546875 0.0328125 0.034375
0 0.66953125 0.65078125 0.025 0.01953125
0 0.67890625 0.77265625 0.04921875 0.04375
0 0.65078125 0.53046875 0.0328125 0.021875
0 0.712109375 0.52890625 0.02890625 0.01875
0 0.771484375 0.525 0.02734375 0.0109375
0 0.85546875 0.53671875 0.0375 0.034375
0 0.58671875 0.528125 0.0140625 0.0171875
0 0.589453125 0.523828125 0.01953125 0.00859375
0 0.8984375 0.52734375 0.0296875 0.015625
0 0.887890625 0.526953125 0.04140625 0.01484375
0 0.986328125 0.528515625 0.02734375 0.01796875
0 0.93515625 0.526171875 0.021875 0.01328125
0 0.85859375 0.596875 0.03359375 0.04140625
0 0.965625 0.6296875 0.03046875 0.0265625
0 0.93125 0.71875 0.01953125 0.028125
0 0.9765625 0.8421875 0.03359375 0.0359375
0 0.809375 0.721875 0.02890625 0.02421875
0 0.86328125 0.78125 0.03203125 0.028125
0 0.853125 0.8421875 0.0390625 0.04140625