1 0.0046875 0.00390625 0.009375 0.0078125
1 0.0046875 0.004296875 0.009375 0.00859375
1 0.004296875 0.048828125 0.00859375 0.01953125
1 0.0171875 0.005859375 0.034375 0.01171875
1 0.0046875 0.03125 0.009375 0.0125
1 0.036328125 0.132421875 0.07265625 0.05703125
1 0.017578125 0.30078125 0.03515625 0.0921875
1 0.06640625 0.31484375 0.034375 0.02421875
1 0.0921875 0.203125 0.02265625 0.01953125
1 0.088671875 0.0078125 0.03046875 0.015625
1 0.141015625 0.0078125 0.02265625 0.015625
1 0.14375 0.090625 0.015625 0.01640625
1 0.06484375 0.006640625 0.03125 0.01328125
1 0.233984375 0.00859375 0.02734375 0.0171875
1 0.2015625 0.00546875 0.01875 0.0109375
1 0.289453125 0.0046875 0.01796875 0.009375
1 0.2625 0.007421875 0.0328125 0.01484375
1 0.24375 0.08828125 0.021875 0.03125
1 0.28046875 0.2375 0.0359375 0.0375
1 0.3234375 0.1234375 0.06015625 0.05625
1 0.41953125 0.27265625 0.059375 0.028125
1 0.46953125 0.10546875 0.02109375 0.021875
1 0.3484375 0.003125 0.0203125 0.00625
1 0.4328125 0.005078125 0.03125 0.01015625
1 0.466015625 0.00546875 0.01640625 0.0109375
2 0.49765625 0.007421875 0.015625 0.01484375
2 0.505859375 0.02109375 0.03203125 0.0421875
2 0.4984375 0.006640625 0.0171875 0.01328125
2 0.49453125 0.00390625 0.009375 0.0078125
2 0.51484375 0.133984375 0.05 0.09140625
2 0.494140625 0.24375 0.00859375 0.0171875
2 0.49609375 0.325 0.0125 0.0234375
2 0.4953125 0.33046875 0.0109375 0.0234375
2 0.498828125 0.2609375 0.01796875 0.0328125
2 0.498828125 0.05625 0.01796875 0.03125
2 0.53359375 0.007421875 0.028125 0.01484375
2 0.549609375 0.005859375 0.03046875 0.01171875
2 0.58125 0.05859375 0.03515625 0.03046875
2 0.5671875 0.2953125 0.03671875 0.03671875
2 0.666015625 0.00859375 0.03515625 0.0171875
2 0.726171875 0.01171875 0.05390625 0.0234375
2 0.70234375 0.09921875 0.03671875 0.0390625
2 0.728125 0.24140625 0.0328125 0.02734375
2 0.763671875 0.38046875 0.02421875 0.01875
2 0.820703125 0.009765625 0.02890625 0.01953125
2 0.947265625 0.00390625 0.01953125 0.0078125
2 0.93046875 0.00625 0.0296875 0.0125
2 0.85625 0.04921875 0.02421875 0.0234375
2 0.940625 0.007421875 0.028125 0.01484375
2 0.89296875 0.20703125 0.0234375 0.02578125
2 0.964453125 0.3375 0.07109375 0.1046875
2 0.990234375 0.00703125 0.01953125 0.0140625
2 0.9828125 0.05625 0.028125 0.03671875
2 0.04609375 0.74609375 0.03359375 0.0265625
2 0.0390625 0.859375 0.0234375 0.0203125
2 0.13515625 0.66171875 0.05625 0.05
2 0.16953125 0.5015625 0.01953125 0.02109375
2 0.20703125 0.59375 0.0296875 0.02109375
2 0.2546875 0.5703125 0.021875 0.02265625
2 0.1828125 0.7640625 0.0234375 0.02109375
2 0.1296875 0.85390625 0.02109375 0.0234375
2 0.09296875 0.925 0.03671875 0.0296875
2 0.33046875 0.56953125 0.02578125 0.0203125
2 0.2765625 0.659375 0.0328125 0.025
2 0.26875 0.82265625 0.04140625 0.03203125
2 0.2875 0.90390625 0.0234375 0.01875
2 0.265625 0.96875 0.01796875 0.0171875
2 0.3703125 0.7484375 0.02109375 0.02109375
2 0.4015625 0.5109375 0.03671875 0.03984375
2 0.41328125 0.76484375 0.0296875 0.0296875
2 0.4046875 0.884375 0.02421875 0.02578125
2 0.4421875 0.64375 0.01796875 0.01953125
2 0.4453125 0.72734375 0.01953125 0.0171875
2 0.43984375 0.91640625 0.02890625 0.0265625
2 0.46484375 0.98671875 0.0234375 0.01953125
0 0.49609375 0.80234375 0.0125 0.0234375
0 0.4984375 0.6640625 0.0171875 0.03125
0 0.496875 0.881640625 0.0140625 0.03046875
0 0.497265625 0.92734375 0.01484375 0.0359375
0 0.504296875 0.816015625 0.02890625 0.06484375
0 0.499609375 0.643359375 0.01953125 0.05234375
0 0.49609375 0.48125 0.0125 0.0234375
0 0.512109375 0.63359375 0.04453125 0.0921875
0 0.5109375 0.519140625 0.0421875 0.05078125
0 0.498828125 0.74375 0.01796875 0.04375
0 0.500390625 0.773046875 0.02109375 0.05390625
0 0.498828125 0.849609375 0.01796875 0.03046875
0 0.498828125 0.973828125 0.01796875 0.03203125
0 0.501953125 0.84609375 0.02421875 0.053125
0 0.52890625 0.7015625 0.03984375 0.0328125
0 0.5671875 0.75078125 0.0234375 0.02421875
0 0.6046875 0.54375 0.05 0.04296875
0 0.61875 0.68125 0.03046875 0.028125
0 0.6609375 0.65703125 0.03046875 0.0328125
0 0.6328125 0.95859375 0.028125 0.02109375
0 0.689453125 0.989453125 0.03828125 0.02109375
0 0.69609375 0.8046875 0.0296875 0.05625
0 0.79140625 0.803125 0.05625 0.04296875
0 0.7453125 0.94296875 0.03515625 0.03125
0 0.8453125 0.97578125 0.03203125 0.02578125
0 0.77890625 0.66640625 0.02109375 0.02734375
0 0.74296875 0.5015625 0.04140625 0.03828125
0 0.8671875 0.49453125 0.02578125 0.03046875
0 0.8421875 0.659375 0.05546875 0.0390625
0 0.8703125 0.5953125 0.0375 0.0359375
0 0.8859375 0.7546875 0.05078125 0.04296875
0 0.9453125 0.9046875 0.046875 0.05859375
0 0.94609375 0.6875 0.03046875 0.04140625
0 0.93359375 0.553125 0.04765625 0.034375
0 0.98359375 0.47265625 0.0328125 0.0296875
0 0.9953125 0.523828125 0.009375 0.02109375
0 0.99296875 0.5671875 0.0140625 0.0234375
0 0.98046875 0.64921875 0.0296875 0.03359375
0 0.96953125 0.76796875 0.03671875 0.03046875
0 0.991015625 0.871484375 0.01796875 0.03046875