1 0.25859375 0.09609375 0.01640625 0.01953125
1 0.3359375 0.1125 0.0171875 0.01875
1 0.46796875 0.09140625 0.01953125 0.01796875
1 0.29140625 0.19921875 0.0234375 0.03671875
1 0.45 0.18359375 0.0125 0.0171875
1 0.5515625 0.17578125 0.05703125 0.1453125
1 0.71953125 0.175 0.0921875 0.07109375
1 0.73359375 0.24921875 0.02421875 0.034375
1 0.621875 0.275 0.01953125 0.02265625
1 0.390625 0.271875 0.03125 0.03046875
1 0.3828125 0.32421875 0.03125 0.02265625
1 0.509375 0.3265625 0.01640625 0.015625
1 0.23125 0.24765625 0.0265625 0.03125
1 0.18671875 0.4171875 0.03515625 0.02734375
1 0.30390625 0.384375 0.02265625 0.01875
1 0.2484375 0.47265625 0.01875 0.01796875
1 0.41875 0.4453125 0.03046875 0.0328125
1 0.50703125 0.4265625 0.03125 0.021875
1 0.65625 0.46328125 0.0375 0.0359375
1 0.5421875 0.50625 0.05625 0.06015625
1 0.69140625 0.60234375 0.028125 0.059375
1 0.52421875 0.65234375 0.021875 0.02109375
1 0.715625 0.70234375 0.0359375 0.0359375
1 0.6328125 0.7359375 0.02890625 0.025
1 0.51171875 0.75078125 0.021875 0.0265625
1 0.46796875 0.74921875 0.0171875 0.01796875
1 0.459375 0.70390625 0.04921875 0.07109375
1 0.30546875 0.53125 0.0125 0.0203125
1 0.375 0.615625 0.02109375 0.03125
1 0.26875 0.64921875 0.02265625 0.01640625
1 0.3484375 0.71640625 0.02265625 0.0296875
1 0.178125 0.721875 0.02265625 0.03125
1 0.2609375 0.86640625 0.02734375 0.0359375
1 0.41015625 0.86171875 0.02109375 0.028125
1 0.4671875 0.809375 0.01484375 0.0171875
1 0.47109375 0.8453125 0.02109375 0.02265625
1 0.190625 0.8953125 0.0296875 0.03359375
1 0.31953125 0.946875 0.01953125 0.01953125
1 0.425 0.9625 0.0265625 0.0328125
1 0.51875 0.9515625 0.0203125 0.0234375
1 0.6265625 0.88828125 0.03828125 0.15