1 0.65546875 0.436328125 0.028125 0.03203125
1 0.61484375 0.43359375 0.0328125 0.0359375
1 0.63359375 0.6375 0.01875 0.0140625
1 0.571875 0.534375 0.0203125 0.02734375
1 0.5625 0.334375 0.02421875 0.015625
1 0.653125 0.25390625 0.0328125 0.02578125
1 0.63046875 0.09453125 0.03046875 0.03203125
1 0.57890625 0.10390625 0.02109375 0.0296875
1 0.4578125 0.0671875 0.0328125 0.03203125
1 0.51640625 0.18203125 0.01953125 0.02109375
1 0.484375 0.29921875 0.028125 0.034375
1 0.42890625 0.23828125 0.0171875 0.02109375
1 0.36953125 0.18125 0.0203125 0.0171875
1 0.44609375 0.3953125 0.02265625 0.02109375
1 0.40078125 0.478125 0.02421875 0.0171875
1 0.3265625 0.56796875 0.05859375 0.05859375
1 0.35234375 0.45625 0.0265625 0.0203125
1 0.35390625 0.33125 0.034375 0.0171875
1 0.28046875 0.35703125 0.028125 0.02421875
1 0.25234375 0.21796875 0.01640625 0.021875
1 0.28671875 0.11171875 0.03203125 0.02265625
1 0.1859375 0.1390625 0.02734375 0.021875
1 0.2 0.04140625 0.0625 0.02265625
1 0.18125 0.3125 0.03046875 0.03359375
1 0.16953125 0.52421875 0.028125 0.03125
1 0.17890625 0.44921875 0.0234375 0.0171875
1 0.13125 0.44765625 0.028125 0.02890625
1 0.053125 0.36640625 0.03671875 0.03046875
1 0.0359375 0.22578125 0.0375 0.0265625
1 0.12578125 0.6234375 0.025 0.0328125
1 0.012109375 0.294140625 0.02421875 0.03046875
1 0.03984375 0.075 0.02578125 0.0234375
1 0.005078125 0.16640625 0.01015625 0.0203125
1 0.00859375 0.059375 0.0171875 0.028125
1 0.96484375 0.20390625 0.04140625 0.059375
1 0.96015625 0.43125 0.02890625 0.0234375
1 0.9765625 0.0875 0.01796875 0.01953125
1 0.93984375 0.62578125 0.025 0.02578125
1 0.89375 0.52578125 0.01875 0.01640625
1 0.7859375 0.63046875 0.0640625 0.0734375
1 0.73828125 0.35859375 0.01953125 0.01875
1 0.67578125 0.391015625 0.0125 0.02265625
1 0.8296875 0.26640625 0.0203125 0.01796875
1 0.7625 0.178125 0.0234375 0.02109375
1 0.676171875 0.258203125 0.01328125 0.02265625
1 0.6734375 0.333984375 0.0078125 0.01640625
1 0.677734375 0.44921875 0.01640625 0.0296875
1 0.675390625 0.558203125 0.01171875 0.02890625
1 0.6421875 0.934375 0.0484375 0.01953125
1 0.5296875 0.92578125 0.0203125 0.01875
1 0.43046875 0.85390625 0.01953125 0.0203125
1 0.340625 0.94140625 0.01953125 0.0203125
1 0.28828125 0.88671875 0.02578125 0.0234375
1 0.2640625 0.85625 0.0234375 0.0265625
1 0.2140625 0.93046875 0.0171875 0.01796875
1 0.16796875 0.93125 0.0203125 0.01640625
1 0.08671875 0.91875 0.05703125 0.0359375
1 0.030078125 0.97265625 0.06015625 0.0546875
1 0.99296875 0.90703125 0.0140625 0.0203125
1 0.85546875 0.9671875 0.03828125 0.02890625
1 0.6796875 0.970703125 0.0203125 0.04765625
1 0.67421875 0.890625 0.009375 0.0171875
1 0.675 0.911328125 0.0109375 0.02265625