1 0.2890625 0.13046875 0.025 0.02890625
1 0.35078125 0.1 0.0328125 0.0234375
1 0.5171875 0.13828125 0.04296875 0.0171875
1 0.6359375 0.0953125 0.01875 0.0203125
1 0.4265625 0.24453125 0.03203125 0.0296875
1 0.4296875 0.2859375 0.0359375 0.0328125
1 0.22578125 0.2671875 0.0140625 0.01875
1 0.32890625 0.32890625 0.02734375 0.0203125
1 0.52890625 0.33828125 0.015625 0.02421875
1 0.609375 0.24765625 0.02578125 0.0328125
1 0.71484375 0.1109375 0.01640625 0.0203125
1 0.66953125 0.19921875 0.025 0.03671875
1 0.82734375 0.18203125 0.01015625 0.01796875
1 0.76875 0.2703125 0.03203125 0.03046875
1 0.759375 0.321875 0.0296875 0.02109375
1 0.79609375 0.44296875 0.03203125 0.0328125
1 0.68125 0.384375 0.02109375 0.01953125
1 0.5640625 0.41640625 0.034375 0.028125
1 0.625 0.471875 0.02109375 0.0171875
1 0.68203125 0.53125 0.0171875 0.0203125
1 0.46796875 0.4546875 0.02109375 0.02265625
1 0.38515625 0.5 0.0171875 0.02421875
1 0.2953125 0.57421875 0.05859375 0.05859375
1 0.40703125 0.5484375 0.0203125 0.0265625
1 0.53203125 0.546875 0.0171875 0.034375
1 0.50625 0.6203125 0.02421875 0.028125
1 0.6453125 0.6484375 0.021875 0.01640625
1 0.7515625 0.6140625 0.02265625 0.03203125
1 0.72421875 0.71484375 0.021875 0.02734375
1 0.821875 0.70078125 0.02265625 0.0625
1 0.55078125 0.71953125 0.03359375 0.03046875
1 0.3390625 0.73125 0.03125 0.028125
1 0.4140625 0.721875 0.0171875 0.0234375
1 0.415625 0.76953125 0.02890625 0.028125
1 0.496875 0.84765625 0.03046875 0.03671875
1 0.6375 0.86484375 0.0265625 0.0375
1 0.23984375 0.775 0.0328125 0.025
1 0.56875 0.89375 0.03046875 0.03515625
1 0.78828125 0.8609375 0.0234375 0.02578125
1 0.696875 0.9453125 0.0203125 0.0203125
1 0.80390625 0.96328125 0.028125 0.03515625