1 0.300390625 0.440234375 0.03046875 0.01953125
1 0.47734375 0.408203125 0.025 0.03046875
1 0.38203125 0.33984375 0.0265625 0.0234375
1 0.478125 0.2703125 0.0234375 0.0296875
1 0.4328125 0.19921875 0.0375 0.04140625
1 0.31015625 0.1953125 0.0421875 0.09375
1 0.473046875 0.009375 0.03359375 0.01875
1 0.355859375 0.004296875 0.02109375 0.00859375
1 0.308984375 0.005078125 0.02734375 0.01015625
1 0.297265625 0.005078125 0.01796875 0.01015625
1 0.2015625 0.009765625 0.0375 0.01953125
1 0.12421875 0.01015625 0.01875 0.0203125
1 0.17265625 0.08203125 0.06328125 0.07578125
1 0.34921875 0.09609375 0.0296875 0.0296875
1 0.096875 0.2109375 0.02578125 0.028125
1 0.19609375 0.29140625 0.0171875 0.0203125
1 0.1390625 0.36015625 0.03203125 0.03984375
2 0.91484375 0.33125 0.09140625 0.1
2 0.80546875 0.3734375 0.0171875 0.01796875
2 0.72421875 0.44140625 0.0234375 0.0171875
2 0.71875 0.31015625 0.0234375 0.02265625
2 0.78828125 0.30546875 0.0328125 0.03671875
2 0.988671875 0.26484375 0.02265625 0.0359375
2 0.9875 0.157421875 0.025 0.03515625
2 0.75390625 0.171875 0.03671875 0.03671875
2 0.95 0.03671875 0.0390625 0.03671875
2 0.807421875 0.013671875 0.02734375 0.02734375
2 0.66796875 0.005859375 0.0203125 0.01171875
2 0.994140625 0.005859375 0.01171875 0.01171875
2 0.841796875 0.005859375 0.02578125 0.01171875
2 0.71015625 0.022265625 0.1078125 0.04453125
2 0.987109375 0.00703125 0.02578125 0.0140625
2 0.989453125 0.010546875 0.02109375 0.02109375
2 0.859765625 0.007421875 0.03984375 0.01484375
2 0.956640625 0.006640625 0.02578125 0.01328125
2 0.9 0.007421875 0.0234375 0.01484375
2 0.85234375 0.0234375 0.14375 0.046875
2 0.716015625 0.00625 0.03046875 0.0125
2 0.045703125 0.99296875 0.03984375 0.0140625
2 0.292578125 0.996875 0.03671875 0.00625
2 0.4390625 0.9796875 0.02578125 0.02734375
2 0.328125 0.87890625 0.021875 0.02578125
2 0.20390625 0.878125 0.01953125 0.0234375
2 0.1015625 0.89765625 0.0546875 0.0484375
2 0.00625 0.903125 0.0125 0.0234375
2 0.20390625 0.7625 0.04609375 0.04296875
2 0.35390625 0.721875 0.0203125 0.02421875
2 0.4515625 0.709375 0.01875 0.02109375
2 0.33671875 0.6203125 0.021875 0.0265625
2 0.084375 0.72578125 0.0265625 0.0234375
2 0.00625 0.7171875 0.0125 0.034375
2 0.005859375 0.615234375 0.01171875 0.02578125
2 0.14765625 0.61015625 0.0859375 0.08359375
2 0.005859375 0.544140625 0.01171875 0.02109375
2 0.2890625 0.51640625 0.04296875 0.04140625
2 0.190625 0.484375 0.025 0.03046875
2 0.398046875 0.455859375 0.02109375 0.01171875
2 0.24765625 0.460546875 0.034375 0.02109375
2 0.100390625 0.456640625 0.02109375 0.01328125
2 0.062109375 0.459765625 0.03359375 0.01953125
2 0.00625 0.469921875 0.0125 0.02578125
2 0.9765625 0.9078125 0.046875 0.1
2 0.88828125 0.9484375 0.0171875 0.01953125
2 0.8703125 0.88203125 0.03125 0.03984375
2 0.80078125 0.88671875 0.02265625 0.0234375
2 0.716796875 0.99296875 0.03046875 0.0140625
2 0.73359375 0.91015625 0.03671875 0.03671875
2 0.6078125 0.92734375 0.028125 0.03203125
2 0.834375 0.7484375 0.03515625 0.0375
2 0.63125 0.74921875 0.03046875 0.0359375
2 0.5578125 0.75703125 0.01640625 0.0234375
2 0.49765625 0.76640625 0.015625 0.0421875
2 0.88671875 0.5875 0.02734375 0.03203125
2 0.746875 0.5515625 0.02265625 0.025
2 0.634375 0.6125 0.05078125 0.02734375
2 0.50546875 0.529296875 0.03125 0.03203125
2 0.52265625 0.47265625 0.065625 0.0453125
2 0.920703125 0.455859375 0.02109375 0.01171875
2 0.786328125 0.47265625 0.11484375 0.0453125
2 0.938671875 0.457421875 0.03828125 0.01484375
2 0.509765625 0.470703125 0.03984375 0.04140625
2 0.622265625 0.45625 0.02734375 0.0125
2 0.979296875 0.457421875 0.02421875 0.01484375
2 0.930078125 0.473046875 0.13984375 0.04609375
2 0.794921875 0.45625 0.02890625 0.0125