1 0.43828125 0.04609375 0.01875 0.0203125
1 0.35546875 0.08359375 0.0265625 0.02578125
1 0.40546875 0.10234375 0.01875 0.02265625
1 0.31015625 0.17578125 0.0203125 0.021875
1 0.43515625 0.21796875 0.0640625 0.07421875
1 0.50703125 0.26640625 0.028125 0.03203125
1 0.59453125 0.1234375 0.01953125 0.02890625
1 0.69921875 0.1296875 0.0375 0.06640625
1 0.7140625 0.26875 0.11953125 0.04453125
1 0.61640625 0.35859375 0.03046875 0.028125
1 0.2859375 0.22890625 0.02578125 0.01796875
1 0.31484375 0.34609375 0.0296875 0.02578125
1 0.3953125 0.3109375 0.02109375 0.021875
1 0.43671875 0.39453125 0.03046875 0.03046875
1 0.53515625 0.46328125 0.0265625 0.0234375
1 0.43671875 0.5328125 0.02734375 0.0296875
1 0.2953125 0.5171875 0.01875 0.02109375
1 0.29921875 0.590625 0.0546875 0.053125
1 0.484375 0.60390625 0.0375 0.04140625
1 0.4109375 0.64375 0.028125 0.03125
1 0.60703125 0.6078125 0.0421875 0.09375
1 0.259375 0.6625 0.028125 0.02265625
1 0.28984375 0.74296875 0.01875 0.01796875
1 0.3828125 0.70703125 0.02109375 0.02109375
1 0.3734375 0.77890625 0.0234375 0.0234375
1 0.43671875 0.86640625 0.04765625 0.0375
1 0.5609375 0.8296875 0.02109375 0.01796875
1 0.6078125 0.821875 0.02734375 0.02109375
1 0.61953125 0.90234375 0.01796875 0.02109375
1 0.715625 0.89921875 0.0375 0.03984375
1 0.79296875 0.8453125 0.01875 0.040625
1 0.74453125 0.72109375 0.06328125 0.07578125
1 0.56796875 0.70703125 0.0296875 0.0296875
1 0.8203125 0.5921875 0.02578125 0.028125
1 0.72109375 0.51171875 0.0171875 0.0203125
1 0.778125 0.44296875 0.03203125 0.03984375