1 0.2703125 0.0890625 0.0234375 0.034375
1 0.27734375 0.196875 0.025 0.03046875
1 0.421875 0.09765625 0.0328125 0.03359375
1 0.48984375 0.0640625 0.0375 0.03671875
1 0.4765625 0.20546875 0.01796875 0.0203125
1 0.61484375 0.15703125 0.02109375 0.01953125
1 0.7453125 0.1796875 0.02734375 0.0359375
1 0.7171875 0.23984375 0.021875 0.02734375
1 0.46796875 0.3125 0.015625 0.01484375
1 0.578125 0.325 0.03203125 0.053125
1 0.62109375 0.39765625 0.01875 0.01796875
1 0.51171875 0.4359375 0.021875 0.0234375
1 0.21953125 0.3 0.03046875 0.034375
1 0.3390625 0.3890625 0.01796875 0.01953125
1 0.2703125 0.48671875 0.01796875 0.040625
1 0.34296875 0.4390625 0.021875 0.02265625
1 0.375 0.51640625 0.015625 0.02109375
1 0.43515625 0.52265625 0.0171875 0.0234375
1 0.29375 0.60078125 0.059375 0.0421875
1 0.41015625 0.58671875 0.0203125 0.0171875
1 0.48359375 0.61015625 0.01875 0.02734375
1 0.65546875 0.6296875 0.028125 0.01953125
1 0.54453125 0.64453125 0.028125 0.02890625
1 0.5296875 0.7515625 0.02734375 0.02890625
1 0.48125 0.87421875 0.03828125 0.08359375
1 0.31875 0.80078125 0.02109375 0.02265625
1 0.23046875 0.734375 0.0171875 0.01875
1 0.2359375 0.959375 0.02578125 0.0265625