1 0.005078125 0.21015625 0.01015625 0.0203125
1 0.0078125 0.366796875 0.015625 0.02578125
1 0.02421875 0.301171875 0.0484375 0.08203125
1 0.01171875 0.20859375 0.0234375 0.0484375
1 0.12265625 0.34296875 0.02890625 0.02734375
1 0.228125 0.38359375 0.02890625 0.0234375
1 0.2484375 0.1890625 0.025 0.02578125
1 0.29453125 0.2890625 0.01875 0.01640625
1 0.40234375 0.184375 0.0640625 0.0734375
3 0.491015625 0.0109375 0.02265625 0.021875
3 0.489453125 0.01015625 0.01953125 0.0203125
3 0.4890625 0.008984375 0.01875 0.01796875
3 0.4890625 0.008203125 0.01875 0.01640625
3 0.486328125 0.005859375 0.01328125 0.01171875
3 0.489453125 0.040234375 0.01953125 0.03671875
3 0.48984375 0.1 0.0203125 0.0375
3 0.489453125 0.19296875 0.01953125 0.034375
3 0.49140625 0.097265625 0.0234375 0.04609375
3 0.488671875 0.068359375 0.01796875 0.03828125
3 0.488671875 0.008203125 0.01796875 0.01640625
3 0.4890625 0.0109375 0.01875 0.021875
3 0.493359375 0.010546875 0.02734375 0.02109375
3 0.48984375 0.0109375 0.0203125 0.021875
3 0.545703125 0.010546875 0.04453125 0.02109375
3 0.57734375 0.00859375 0.0421875 0.0171875
3 0.608984375 0.0109375 0.04296875 0.021875
3 0.51640625 0.03984375 0.03828125 0.0375
3 0.498828125 0.216015625 0.03828125 0.03984375
3 0.55 0.2 0.03515625 0.03125
3 0.6203125 0.08515625 0.04140625 0.03828125
3 0.653125 0.153125 0.03828125 0.040625
3 0.678125 0.0921875 0.0375 0.03359375
3 0.7890625 0.190625 0.0375 0.03671875
3 0.684375 0.005859375 0.025 0.01171875
3 0.702734375 0.011328125 0.04453125 0.02265625
3 0.8296875 0.0203125 0.04375 0.040625
3 0.88515625 0.0734375 0.0390625 0.040625
3 0.8890625 0.00859375 0.0375 0.0171875
3 0.99140625 0.00859375 0.0171875 0.0171875
3 0.99296875 0.0078125 0.0140625 0.015625
3 0.872265625 0.010546875 0.04140625 0.02109375
3 0.95625 0.009765625 0.0375 0.01953125
3 0.873046875 0.008203125 0.03359375 0.01640625
3 0.822265625 0.00859375 0.03515625 0.0171875
3 0.80234375 0.012109375 0.0453125 0.02421875
0 0.005859375 0.4875 0.01171875 0.028125
0 0.006640625 0.56171875 0.01328125 0.0203125
0 0.007421875 0.715234375 0.01484375 0.02890625
0 0.006640625 0.662890625 0.01328125 0.02421875
0 0.007421875 0.832421875 0.01484375 0.01796875
0 0.005078125 0.8109375 0.01015625 0.025
0 0.00546875 0.65234375 0.0109375 0.01875
0 0.004296875 0.435546875 0.00859375 0.01328125
0 0.00625 0.476171875 0.0125 0.02578125
0 0.0078125 0.669921875 0.015625 0.03203125
0 0.00625 0.724609375 0.0125 0.02109375
0 0.008203125 0.794140625 0.01640625 0.03359375
0 0.006640625 0.984765625 0.01328125 0.02109375
0 0.006640625 0.994140625 0.01328125 0.01171875
0 0.005078125 0.9125 0.01015625 0.021875
0 0.009375 0.869921875 0.01875 0.04140625
0 0.00703125 0.909765625 0.0140625 0.04296875
0 0.009765625 0.946484375 0.01953125 0.03984375
0 0.00625 0.913671875 0.0125 0.04609375
0 0.005859375 0.86953125 0.01171875 0.0234375
0 0.008203125 0.703515625 0.01640625 0.02890625
0 0.0265625 0.77578125 0.03203125 0.02890625
0 0.05546875 0.853125 0.0265625 0.0203125
0 0.009375 0.6234375 0.01875 0.0265625
0 0.011328125 0.41875 0.02265625 0.01875
0 0.016015625 0.44296875 0.03203125 0.034375
0 0.008984375 0.564453125 0.01796875 0.02890625
0 0.008984375 0.507421875 0.01796875 0.03203125
0 0.01171875 0.583984375 0.0234375 0.02421875
0 0.15625 0.48046875 0.02578125 0.02578125
0 0.10625 0.60078125 0.04296875 0.04140625
0 0.19609375 0.57734375 0.01640625 0.02109375
0 0.24375 0.48984375 0.01953125 0.0203125
0 0.24765625 0.41640625 0.0296875 0.0140625
0 0.1140625 0.73359375 0.0484375 0.06875
0 0.18984375 0.83828125 0.02578125 0.028125
0 0.1359375 0.95234375 0.02734375 0.03359375
0 0.0734375 0.996484375 0.0140625 0.00703125
0 0.22265625 0.71875 0.0234375 0.0234375
0 0.2796875 0.91484375 0.02890625 0.025
0 0.4 0.94609375 0.02265625 0.0203125
0 0.2875 0.84140625 0.0203125 0.01953125
0 0.33359375 0.759375 0.0328125 0.03359375
0 0.440625 0.71796875 0.03203125 0.02421875
0 0.29296875 0.6015625 0.02421875 0.02890625
0 0.3359375 0.42109375 0.03125 0.0234375
0 0.38046875 0.54765625 0.034375 0.0296875
0 0.473046875 0.580078125 0.01328125 0.02890625
0 0.473046875 0.85234375 0.01328125 0.025
0 0.475390625 0.9125 0.00859375 0.021875
3 0.489453125 0.41953125 0.01953125 0.0203125
3 0.4875 0.519921875 0.015625 0.02578125
3 0.48828125 0.591796875 0.0171875 0.03359375
3 0.490234375 0.653515625 0.02109375 0.04140625
3 0.488671875 0.57265625 0.01796875 0.0296875
3 0.4875 0.645703125 0.015625 0.03203125
3 0.49609375 0.4859375 0.02578125 0.02734375
3 0.4875 0.414453125 0.015625 0.01015625
3 0.48984375 0.8359375 0.0203125 0.04375
3 0.488671875 0.732421875 0.01796875 0.03828125
3 0.484765625 0.8796875 0.01015625 0.0140625
3 0.501171875 0.87421875 0.04296875 0.05
3 0.54765625 0.7515625 0.0234375 0.021875
3 0.54765625 0.50234375 0.0140625 0.0171875
3 0.57109375 0.47109375 0.02265625 0.0203125
3 0.611328125 0.415234375 0.02421875 0.01171875
3 0.62734375 0.43125 0.0390625 0.0328125
3 0.64296875 0.471875 0.02578125 0.02578125
3 0.6484375 0.6484375 0.03828125 0.04296875
3 0.73984375 0.475 0.0171875 0.01796875
3 0.753125 0.578125 0.0203125 0.0203125
3 0.73984375 0.62890625 0.021875 0.021875
3 0.72578125 0.76484375 0.040625 0.03828125
3 0.62578125 0.903125 0.03046875 0.03046875
3 0.696875 0.9125 0.03359375 0.0265625
3 0.8140625 0.81015625 0.05 0.04375
3 0.85546875 0.6921875 0.0203125 0.01953125
3 0.84765625 0.62265625 0.0359375 0.034375
3 0.86328125 0.88359375 0.03359375 0.0375
3 0.94921875 0.9046875 0.01796875 0.01875
3 0.99296875 0.791796875 0.0140625 0.01796875
3 0.96875 0.71328125 0.034375 0.0359375
3 0.84453125 0.4453125 0.0203125 0.01484375
3 0.87265625 0.41875 0.0421875 0.01875
3 0.957421875 0.41875 0.03828125 0.01875
3 0.96484375 0.4140625 0.021875 0.009375
3 0.98203125 0.49921875 0.01953125 0.0171875
3 0.994921875 0.566796875 0.01015625 0.03984375