1 0.284375 0.2171875 0.0203125 0.02109375
1 0.44140625 0.15625 0.02578125 0.03203125
1 0.55703125 0.1390625 0.02109375 0.0265625
1 0.50859375 0.25703125 0.02421875 0.01796875
1 0.6671875 0.203125 0.02578125 0.0328125
1 0.6609375 0.09453125 0.0234375 0.03203125
1 0.8140625 0.10234375 0.0328125 0.0328125
1 0.61171875 0.30546875 0.0296875 0.0328125
1 0.73046875 0.39375 0.0171875 0.0171875
1 0.37578125 0.39375 0.08203125 0.0703125
1 0.2828125 0.30859375 0.0484375 0.046875
1 0.4171875 0.503125 0.02734375 0.02890625
1 0.5546875 0.4609375 0.021875 0.02734375
1 0.66015625 0.4921875 0.01640625 0.04296875
1 0.734375 0.44375 0.0203125 0.02265625
1 0.68515625 0.60390625 0.059375 0.04140625
1 0.4578125 0.60859375 0.0234375 0.02890625
1 0.765625 0.52109375 0.01640625 0.0203125
1 0.82578125 0.528125 0.01484375 0.025
1 0.8015625 0.5921875 0.01953125 0.01796875
1 0.26328125 0.62890625 0.02578125 0.025
1 0.36328125 0.675 0.01640625 0.01875
1 0.25859375 0.7828125 0.0734375 0.0640625
1 0.53046875 0.83046875 0.01875 0.01953125
1 0.49765625 0.9 0.02265625 0.025
1 0.62265625 0.7390625 0.01796875 0.0203125
1 0.7109375 0.80625 0.02109375 0.0234375
1 0.63046875 0.96484375 0.02265625 0.0265625
1 0.5546875 0.965625 0.01640625 0.015625
1 0.43984375 0.9453125 0.0296875 0.03359375
1 0.33046875 0.94296875 0.02890625 0.0234375