1 0.076171875 0.005078125 0.02109375 0.01015625
1 0.015625 0.028515625 0.03125 0.02578125
1 0.006640625 0.144140625 0.01328125 0.02109375
1 0.11640625 0.09609375 0.01796875 0.02421875
1 0.0625 0.2546875 0.0328125 0.02578125
1 0.0078125 0.2484375 0.015625 0.0234375
1 0.16484375 0.19921875 0.0328125 0.0296875
1 0.253125 0.31796875 0.0171875 0.0171875
1 0.253125 0.0203125 0.0703125 0.040625
1 0.16796875 0.012109375 0.046875 0.02421875
1 0.362109375 0.008984375 0.02890625 0.01796875
1 0.3203125 0.1421875 0.02734375 0.021875
1 0.3515625 0.24765625 0.04296875 0.01640625
1 0.303125 0.321875 0.02265625 0.0203125
1 0.4609375 0.27265625 0.0375 0.059375
1 0.46640625 0.0453125 0.0265625 0.0234375
1 0.38046875 0.353125 0.0203125 0.01640625
2 0.49296875 0.0578125 0.0265625 0.0609375
2 0.48984375 0.169140625 0.0203125 0.03984375
2 0.4859375 0.308203125 0.0125 0.02890625
2 0.484765625 0.3125 0.01015625 0.0234375
2 0.489453125 0.15859375 0.01953125 0.03125
2 0.48515625 0.0046875 0.0109375 0.009375
2 0.485546875 0.216015625 0.01171875 0.01953125
2 0.483984375 0.276171875 0.00859375 0.01796875
2 0.48515625 0.32734375 0.0109375 0.0234375
2 0.484765625 0.126953125 0.01015625 0.01484375
2 0.484375 0.203515625 0.009375 0.01640625
2 0.483984375 0.27890625 0.00859375 0.0171875
2 0.484375 0.30390625 0.009375 0.015625
2 0.5625 0.09609375 0.05625 0.05390625
2 0.6265625 0.0671875 0.03125 0.03203125
2 0.6265625 0.15 0.01953125 0.0171875
2 0.6125 0.25390625 0.01796875 0.015625
2 0.65625 0.3484375 0.015625 0.0125
2 0.69453125 0.30546875 0.0203125 0.02109375
2 0.7015625 0.35625 0.0234375 0.02109375
2 0.48671875 0.0046875 0.0140625 0.009375
2 0.7671875 0.2859375 0.0203125 0.01796875
2 0.74140625 0.25234375 0.025 0.0234375
2 0.740625 0.16171875 0.02421875 0.0234375
2 0.81015625 0.2 0.02109375 0.01484375
2 0.90078125 0.12109375 0.01953125 0.01640625
2 0.7328125 0.04921875 0.0296875 0.02890625
2 0.993359375 0.111328125 0.01328125 0.02421875
2 0.96640625 0.178125 0.0109375 0.01171875
2 0.01328125 0.55234375 0.0265625 0.0609375
2 0.01015625 0.663671875 0.0203125 0.03984375
2 0.00625 0.802734375 0.0125 0.02890625
2 0.005859375 0.91640625 0.01171875 0.0203125
2 0.005078125 0.80703125 0.01015625 0.0234375
2 0.0046875 0.908203125 0.009375 0.01796875
2 0.004296875 0.9703125 0.00859375 0.01875
2 0.00625 0.947265625 0.0125 0.02265625
2 0.009765625 0.653125 0.01953125 0.03125
2 0.00546875 0.448828125 0.0109375 0.01953125
2 0.005859375 0.710546875 0.01171875 0.01953125
2 0.004296875 0.770703125 0.00859375 0.01796875
2 0.00546875 0.821875 0.0109375 0.0234375
2 0.00703125 0.885546875 0.0140625 0.02734375
2 0.006640625 0.974609375 0.01328125 0.02890625
2 0.0078125 0.986328125 0.015625 0.02734375
2 0.005078125 0.621484375 0.01015625 0.01484375
2 0.004296875 0.698046875 0.00859375 0.01640625
2 0.004296875 0.7734375 0.00859375 0.0171875
2 0.0046875 0.7984375 0.009375 0.015625
2 0.00546875 0.91171875 0.0109375 0.0203125
2 0.005078125 0.97421875 0.01015625 0.021875
2 0.00859375 0.87734375 0.0171875 0.0359375
2 0.005859375 0.95234375 0.01171875 0.0203125
2 0.01015625 0.97578125 0.0203125 0.01875
2 0.019140625 0.590234375 0.03828125 0.05390625
2 0.07421875 0.56171875 0.03125 0.03203125
2 0.07421875 0.64453125 0.01953125 0.0171875
2 0.06015625 0.7484375 0.01796875 0.015625
2 0.10390625 0.84296875 0.015625 0.0125
2 0.096875 0.9546875 0.01796875 0.01796875
2 0.1421875 0.8 0.0203125 0.02109375
2 0.14921875 0.85078125 0.0234375 0.02109375
2 0.14765625 0.95703125 0.01875 0.01953125
2 0.0046875 0.435546875 0.009375 0.01953125
2 0.246875 0.98046875 0.0375 0.03671875
2 0.35703125 0.97734375 0.0390625 0.03671875
2 0.35 0.91484375 0.03359375 0.034375
2 0.21484375 0.78046875 0.0203125 0.01796875
2 0.1890625 0.746875 0.025 0.0234375
2 0.18828125 0.65625 0.02421875 0.0234375
2 0.2578125 0.69453125 0.02109375 0.01484375
2 0.3484375 0.615625 0.01953125 0.01640625
2 0.18046875 0.54375 0.0296875 0.02890625
2 0.4453125 0.60625 0.021875 0.02421875
2 0.4140625 0.67265625 0.0109375 0.01171875
2 0.47109375 0.846484375 0.0171875 0.01953125
2 0.453125 0.93984375 0.02890625 0.03046875
2 0.43984375 0.98515625 0.046875 0.0296875
2 0.487109375 0.699609375 0.01484375 0.02578125
2 0.484765625 0.5171875 0.01015625 0.01875
2 0.50078125 0.630859375 0.0421875 0.07265625
2 0.484375 0.70703125 0.009375 0.01875
2 0.484375 0.7953125 0.009375 0.0203125
2 0.485546875 0.78359375 0.01171875 0.0265625
2 0.484765625 0.9046875 0.01015625 0.0203125
2 0.48359375 0.933984375 0.0078125 0.01796875
2 0.4859375 0.921484375 0.0125 0.02109375
2 0.48515625 0.87734375 0.0109375 0.01875
2 0.487109375 0.761328125 0.01484375 0.02578125
2 0.484375 0.5125 0.009375 0.01875
2 0.48515625 0.373828125 0.0109375 0.00859375
2 0.484765625 0.487109375 0.01015625 0.01796875
2 0.484765625 0.571875 0.01015625 0.01875
2 0.484375 0.673828125 0.009375 0.01796875
2 0.48515625 0.63515625 0.0109375 0.025
2 0.486328125 0.576953125 0.01328125 0.03203125
2 0.484765625 0.748828125 0.01015625 0.01953125
2 0.4859375 0.696875 0.0125 0.0234375
2 0.487109375 0.45625 0.01484375 0.015625
2 0.5046875 0.5015625 0.0234375 0.02109375
2 0.487109375 0.7125 0.01484375 0.0140625
2 0.483984375 0.80078125 0.00859375 0.0234375
2 0.50546875 0.834375 0.02578125 0.02578125
2 0.54609375 0.85 0.01953125 0.015625
2 0.525 0.6453125 0.0203125 0.015625
2 0.59296875 0.37578125 0.0265625 0.0125
2 0.5984375 0.5421875 0.025 0.02421875
2 0.565625 0.884375 0.01953125 0.0140625
2 0.56953125 0.93515625 0.01796875 0.015625
2 0.52734375 0.93671875 0.01484375 0.0125
2 0.484375 0.936328125 0.009375 0.01171875
2 0.62578125 0.91640625 0.04375 0.03671875
2 0.61640625 0.8015625 0.0203125 0.01796875
2 0.62421875 0.684375 0.0234375 0.01875
2 0.6546875 0.43359375 0.03515625 0.03125
2 0.73203125 0.43203125 0.0265625 0.025
2 0.7578125 0.5640625 0.02265625 0.01796875
2 0.79765625 0.47421875 0.0234375 0.0171875
2 0.8328125 0.5890625 0.02109375 0.021875
2 0.75390625 0.63359375 0.05625 0.06640625
2 0.66953125 0.7234375 0.021875 0.02109375
2 0.7171875 0.76484375 0.021875 0.01640625
2 0.70625 0.821875 0.028125 0.0234375
2 0.709375 0.91171875 0.01875 0.0171875
2 0.79296875 0.9203125 0.0171875 0.01796875
2 0.8609375 0.88671875 0.021875 0.03046875
2 0.91328125 0.85625 0.02421875 0.01796875
2 0.91171875 0.93671875 0.02734375 0.01171875
2 0.93203125 0.82578125 0.0203125 0.01796875
2 0.84140625 0.74765625 0.021875 0.02265625
2 0.86328125 0.378125 0.01875 0.01484375
2 0.9375 0.46796875 0.04140625 0.0328125
2 0.971875 0.8140625 0.01875 0.01953125
2 0.9890625 0.70078125 0.021875 0.034375