1 0.113671875 0.521484375 0.01953125 0.01640625
1 0.15546875 0.49609375 0.0234375 0.0234375
1 0.215625 0.52578125 0.021875 0.0078125
1 0.39609375 0.465625 0.0171875 0.01953125
1 0.034375 0.38203125 0.0171875 0.01953125
1 0.0671875 0.3109375 0.025 0.02734375
1 0.23046875 0.3453125 0.02109375 0.028125
1 0.35546875 0.33046875 0.0203125 0.0234375
1 0.2484375 0.24453125 0.03046875 0.03046875
1 0.07890625 0.23671875 0.02890625 0.028125
1 0.01328125 0.22265625 0.01953125 0.01953125
1 0.04296875 0.15703125 0.0234375 0.021875
1 0.09375 0.15078125 0.02421875 0.025
1 0.25390625 0.18359375 0.02265625 0.02265625
1 0.3515625 0.22421875 0.01875 0.01875
1 0.33046875 0.271875 0.02109375 0.028125
1 0.39296875 0.26328125 0.0203125 0.0328125
1 0.140625 0.10390625 0.0203125 0.0203125
1 0.378125 0.09453125 0.02734375 0.02421875
1 0.421875 0.18671875 0.02734375 0.021875
1 0.4484375 0.225 0.0171875 0.015625
1 0.546875 0.346875 0.01484375 0.0203125
1 0.5375 0.2078125 0.02109375 0.02109375
1 0.53203125 0.13125 0.02109375 0.0203125
1 0.580859375 0.14375 0.01796875 0.0203125
1 0.3609375 0.42734375 0.02109375 0.025
1 0.586328125 0.433984375 0.00703125 0.01953125
1 0.4265625 0.4234375 0.0140625 0.01875
1 0.233984375 0.00703125 0.02421875 0.0140625
1 0.29296875 0.00546875 0.0234375 0.0109375
1 0.344921875 0.0046875 0.02265625 0.009375
1 0.493359375 0.00625 0.02265625 0.0125
1 0.401953125 0.00703125 0.01953125 0.0140625
1 0.094140625 0.00546875 0.01640625 0.0109375
3 0.76796875 0.5234375 0.0265625 0.0125
3 0.91640625 0.4390625 0.034375 0.034375
3 0.978125 0.325 0.0296875 0.03125
3 0.86796875 0.290625 0.034375 0.03359375
3 0.79609375 0.16171875 0.0203125 0.01875
3 0.9 0.1859375 0.0421875 0.04296875
2 0.21875 0.9640625 0.02109375 0.0203125
2 0.296875 0.93984375 0.028125 0.025
2 0.41796875 0.9453125 0.02109375 0.021875
2 0.465625 0.94453125 0.03671875 0.0234375
2 0.56171875 0.982421875 0.05625 0.03515625
2 0.44921875 0.88125 0.0203125 0.01796875
2 0.434375 0.85625 0.02109375 0.025
2 0.38984375 0.8484375 0.01875 0.02109375
2 0.27421875 0.8578125 0.0265625 0.03046875
2 0.18671875 0.83203125 0.01875 0.0203125
2 0.2625 0.7953125 0.0203125 0.02109375
2 0.45625 0.8078125 0.02421875 0.02421875
2 0.55 0.77734375 0.03125 0.04140625
2 0.209375 0.76640625 0.021875 0.02421875
2 0.3125 0.73203125 0.0234375 0.0203125
2 0.22578125 0.7234375 0.01484375 0.01796875
2 0.34765625 0.70234375 0.02578125 0.0265625
2 0.3625 0.6609375 0.0171875 0.0203125
2 0.45 0.67890625 0.0140625 0.0171875
2 0.581640625 0.70078125 0.01640625 0.0265625
2 0.39609375 0.64140625 0.0171875 0.01875
2 0.4515625 0.63671875 0.0234375 0.01953125
2 0.5375 0.63828125 0.0171875 0.0203125
2 0.42890625 0.58125 0.0375 0.04375
2 0.3140625 0.590625 0.01953125 0.021875
2 0.1953125 0.584375 0.01875 0.021875
2 0.23671875 0.539453125 0.0203125 0.01953125
2 0.276171875 0.53515625 0.01640625 0.0109375
2 0.333203125 0.53671875 0.02265625 0.0140625
2 0.422265625 0.533984375 0.01796875 0.00859375
2 0.46875 0.534375 0.01875 0.009375
2 0.558984375 0.534765625 0.02265625 0.01015625
2 0.43125 0.533984375 0.0171875 0.00859375
2 0.257421875 0.53515625 0.02421875 0.0109375
2 0.209765625 0.5375 0.03203125 0.015625
2 0.323046875 0.534375 0.02109375 0.009375
2 0.334765625 0.534765625 0.01953125 0.01015625
2 0.366015625 0.53671875 0.01953125 0.0140625
2 0.396484375 0.535546875 0.03046875 0.01171875
2 0.465625 0.534375 0.0171875 0.009375
2 0.450390625 0.5359375 0.02109375 0.0125
2 0.353125 0.541015625 0.05625 0.02265625
2 0.48359375 0.5375 0.0296875 0.015625
2 0.54765625 0.534765625 0.021875 0.01015625
3 0.88515625 0.9609375 0.0421875 0.03671875
3 0.79453125 0.91640625 0.04453125 0.0359375
3 0.740625 0.809375 0.0421875 0.0421875
3 0.82265625 0.67734375 0.03359375 0.03359375
3 0.88984375 0.6953125 0.0421875 0.040625
3 0.953125 0.74375 0.040625 0.03984375
3 0.7328125 0.60859375 0.0328125 0.0453125
3 0.97578125 0.5359375 0.0234375 0.0125
3 0.825 0.55859375 0.0359375 0.034375
3 0.79140625 0.54140625 0.0390625 0.0234375
3 0.827734375 0.537890625 0.03203125 0.01640625