1 0.4 0.1359375 0.0203125 0.0203125
1 0.3578125 0.17734375 0.02265625 0.0234375
1 0.434375 0.14296875 0.02109375 0.0140625
1 0.54296875 0.1 0.01875 0.01953125
1 0.515625 0.040625 0.0265625 0.0265625
1 0.62578125 0.1046875 0.0171875 0.0203125
1 0.23515625 0.121875 0.0375 0.03203125
1 0.72109375 0.1109375 0.028125 0.028125
1 0.68515625 0.203125 0.0171875 0.01640625
1 0.759375 0.05546875 0.0171875 0.04453125
1 0.79765625 0.1203125 0.02578125 0.0265625
1 0.80390625 0.22421875 0.0296875 0.0296875
1 0.7984375 0.296875 0.0203125 0.028125
1 0.62734375 0.26796875 0.01640625 0.01640625
1 0.5671875 0.2515625 0.0171875 0.02109375
1 0.55546875 0.28515625 0.0265625 0.02109375
1 0.63203125 0.30390625 0.01484375 0.015625
1 0.31171875 0.38046875 0.01953125 0.02421875
1 0.353125 0.41015625 0.0234375 0.0234375
1 0.41328125 0.37421875 0.021875 0.01953125
1 0.51796875 0.34375 0.01640625 0.01875
1 0.59375 0.440625 0.0171875 0.01953125
1 0.23203125 0.52421875 0.0171875 0.01953125
1 0.26484375 0.5953125 0.025 0.02734375
1 0.428125 0.5609375 0.02109375 0.028125
1 0.553125 0.57578125 0.0203125 0.0234375
1 0.44609375 0.66171875 0.03046875 0.03046875
1 0.2765625 0.66953125 0.02890625 0.028125
1 0.2109375 0.68359375 0.01953125 0.01953125
1 0.240625 0.74921875 0.0234375 0.021875
1 0.29140625 0.75546875 0.02421875 0.025
1 0.4515625 0.72265625 0.02265625 0.02265625
1 0.54921875 0.68203125 0.01875 0.01875
1 0.528125 0.634375 0.02109375 0.028125
1 0.590625 0.64296875 0.0203125 0.0328125
1 0.33828125 0.80234375 0.0203125 0.0203125
1 0.57578125 0.81171875 0.02734375 0.02421875
1 0.61953125 0.71953125 0.02734375 0.021875
1 0.64609375 0.68125 0.0171875 0.015625
1 0.74453125 0.559375 0.01484375 0.0203125
1 0.82421875 0.56640625 0.01484375 0.01796875
1 0.73515625 0.6984375 0.02109375 0.02109375
1 0.7296875 0.775 0.02109375 0.0203125
1 0.78125 0.7625 0.0234375 0.0203125
1 0.55859375 0.47890625 0.02109375 0.025
1 0.7921875 0.471875 0.0234375 0.01953125
1 0.678125 0.3359375 0.0265625 0.02578125
1 0.73203125 0.34140625 0.01640625 0.0171875
1 0.790625 0.34296875 0.02265625 0.02734375
1 0.62421875 0.4828125 0.0140625 0.01875
1 0.43203125 0.934375 0.02421875 0.02890625
1 0.490625 0.975 0.0234375 0.02265625
1 0.54296875 0.93046875 0.02265625 0.01875
1 0.69140625 0.9203125 0.02265625 0.025
1 0.6 0.91953125 0.01953125 0.028125
1 0.82734375 0.76875 0.0109375 0.0234375
1 0.2921875 0.9125 0.01640625 0.02265625