2 0.18515625 0.20703125 0.02734375 0.028125
2 0.3078125 0.1671875 0.01796875 0.01953125
2 0.4671875 0.14140625 0.09765625 0.1078125
2 0.55 0.1515625 0.02578125 0.02578125
2 0.51484375 0.22265625 0.03125 0.03203125
2 0.43515625 0.23203125 0.03359375 0.03359375
2 0.6890625 0.225 0.02890625 0.028125
2 0.38671875 0.39375 0.0578125 0.06953125
2 0.6625 0.38828125 0.02890625 0.03984375
2 0.575 0.4546875 0.0234375 0.028125
2 0.1734375 0.36484375 0.01328125 0.0359375
2 0.20625 0.49375 0.0171875 0.01953125
2 0.19609375 0.56015625 0.0234375 0.0234375
2 0.2671875 0.6109375 0.01796875 0.0234375
2 0.3578125 0.57421875 0.0203125 0.02421875
2 0.32265625 0.621875 0.0359375 0.034375
2 0.44140625 0.55078125 0.0203125 0.01640625
2 0.5515625 0.60234375 0.01875 0.01953125
2 0.69609375 0.55234375 0.02734375 0.0265625
2 0.76328125 0.553125 0.02578125 0.01953125
2 0.19296875 0.8 0.0234375 0.02578125
2 0.275 0.75390625 0.02109375 0.021875
2 0.2328125 0.80859375 0.0171875 0.0171875
2 0.35546875 0.70078125 0.02421875 0.0171875
2 0.4 0.7703125 0.0203125 0.02109375
2 0.58125 0.7078125 0.01953125 0.01953125
2 0.77734375 0.7015625 0.03046875 0.03125
2 0.2203125 0.92734375 0.02578125 0.0234375
2 0.32578125 0.9421875 0.01953125 0.01875
2 0.39140625 0.86328125 0.0234375 0.021875
2 0.4328125 0.85546875 0.02265625 0.0296875
2 0.490625 0.7890625 0.03046875 0.0296875
2 0.63671875 0.81328125 0.021875 0.01953125
2 0.77578125 0.79765625 0.021875 0.0265625
2 0.71953125 0.8421875 0.01640625 0.0171875
2 0.6921875 0.88125 0.0203125 0.0265625
2 0.42734375 0.9609375 0.0234375 0.03125
2 0.57890625 0.975 0.01875 0.0171875