2 0.006640625 0.1109375 0.01328125 0.028125
2 0.1171875 0.07109375 0.01796875 0.01953125
2 0.276171875 0.049609375 0.09765625 0.09921875
2 0.359375 0.05546875 0.02578125 0.02578125
2 0.32421875 0.1265625 0.03125 0.03203125
2 0.24453125 0.1359375 0.03359375 0.03359375
2 0.491796875 0.12890625 0.01640625 0.028125
2 0.19609375 0.29765625 0.0578125 0.06953125
2 0.471875 0.2921875 0.02890625 0.03984375
2 0.384375 0.35859375 0.0234375 0.028125
2 0.003125 0.26875 0.00625 0.0359375
2 0.517578125 0.025 0.03515625 0.05
2 0.596875 0.00625 0.0203125 0.0125
2 0.515625 0.0046875 0.0171875 0.009375
2 0.53359375 0.009765625 0.03125 0.01953125
2 0.602734375 0.005859375 0.02265625 0.01171875
2 0.686328125 0.008203125 0.03046875 0.01640625
2 0.669921875 0.008984375 0.03671875 0.01796875
2 0.79609375 0.0078125 0.028125 0.015625
2 0.569140625 0.009375 0.03515625 0.01875
2 0.772265625 0.008984375 0.03046875 0.01796875
2 0.845703125 0.005859375 0.01640625 0.01171875
2 0.9234375 0.010546875 0.03125 0.02109375
2 0.516796875 0.0078125 0.02734375 0.015625
2 0.656640625 0.00625 0.02265625 0.0125
2 0.769140625 0.006640625 0.05078125 0.01328125
2 0.898046875 0.0078125 0.03203125 0.015625
2 0.88359375 0.065625 0.07109375 0.06953125
2 0.505078125 0.10390625 0.01015625 0.0234375
2 0.6171875 0.18671875 0.11484375 0.09140625
2 0.509375 0.243359375 0.01875 0.03046875
2 0.9140625 0.2234375 0.08046875 0.08359375
2 0.78125 0.2703125 0.02734375 0.02578125
2 0.505859375 0.320703125 0.01171875 0.03046875
2 0.5359375 0.36875 0.071875 0.0421875
3 0.165625 0.398828125 0.0359375 0.01796875
3 0.225390625 0.4 0.04296875 0.0203125
3 0.336328125 0.40078125 0.04765625 0.021875
3 0.26640625 0.401953125 0.0390625 0.02421875
3 0.143359375 0.401171875 0.03984375 0.02265625
3 0.41015625 0.40078125 0.04375 0.021875
3 0.38125 0.398046875 0.0359375 0.01640625
3 0.427734375 0.39609375 0.02734375 0.0125
3 0.39921875 0.398046875 0.0171875 0.01640625
3 0.447265625 0.399609375 0.03984375 0.01953125
3 0.49296875 0.429296875 0.0140625 0.04296875
3 0.40859375 0.484375 0.021875 0.02578125
3 0.12421875 0.44375 0.03515625 0.03828125
3 0.20078125 0.44453125 0.0359375 0.0390625
3 0.29609375 0.521875 0.040625 0.03984375
3 0.484765625 0.62421875 0.03046875 0.04375
3 0.48984375 0.6765625 0.0171875 0.021875
3 0.35859375 0.56484375 0.0359375 0.03828125
3 0.34375 0.6453125 0.03515625 0.03515625
3 0.25859375 0.59140625 0.03203125 0.034375
3 0.18125 0.63984375 0.03671875 0.0421875
3 0.13984375 0.5421875 0.03671875 0.03515625
3 0.13125 0.7828125 0.021875 0.0265625
3 0.1859375 0.73671875 0.02265625 0.02734375
3 0.3375 0.71796875 0.03203125 0.034375
3 0.3984375 0.70546875 0.01875 0.02265625
3 0.4375 0.75703125 0.0265625 0.0265625
3 0.4765625 0.75078125 0.02578125 0.03046875
3 0.46171875 0.965625 0.0390625 0.03671875
3 0.3203125 0.86796875 0.04296875 0.0453125
3 0.40390625 0.91640625 0.028125 0.0328125
3 0.34609375 0.9359375 0.0375 0.04765625
3 0.24453125 0.87265625 0.0421875 0.04140625
0 0.507421875 0.396875 0.01484375 0.0140625
0 0.508984375 0.3984375 0.01796875 0.0171875
0 0.516796875 0.4015625 0.02421875 0.0234375
0 0.60703125 0.396875 0.021875 0.0140625
0 0.591015625 0.394921875 0.02578125 0.01015625
0 0.509375 0.39765625 0.01875 0.015625
0 0.511328125 0.449609375 0.02265625 0.04296875
0 0.5078125 0.45703125 0.015625 0.0296875
0 0.50625 0.4828125 0.0125 0.025
0 0.60546875 0.4796875 0.03515625 0.0296875
0 0.56484375 0.5453125 0.0453125 0.03984375
0 0.835546875 0.395703125 0.01953125 0.01171875
0 0.82578125 0.3984375 0.0390625 0.0171875
0 0.753515625 0.400390625 0.02109375 0.02109375
0 0.69140625 0.5421875 0.021875 0.0234375
0 0.73125 0.62578125 0.04296875 0.03359375
0 0.52421875 0.6375 0.03828125 0.03359375
0 0.503125 0.581640625 0.00625 0.01484375
0 0.507421875 0.729296875 0.01484375 0.03671875
0 0.509375 0.7484375 0.01875 0.025
0 0.525 0.80234375 0.02109375 0.02578125
0 0.5046875 0.842578125 0.009375 0.02265625
0 0.506640625 0.854296875 0.01328125 0.02421875
0 0.6375 0.68671875 0.03515625 0.02734375
0 0.82265625 0.746875 0.02109375 0.02421875
0 0.8 0.83125 0.0671875 0.0375
0 0.7078125 0.86171875 0.03046875 0.0421875
0 0.584375 0.87109375 0.03046875 0.03125
0 0.81875 0.9109375 0.02578125 0.021875
0 0.81171875 0.99453125 0.0359375 0.0109375
0 0.5875 0.96484375 0.03515625 0.04140625
0 0.666796875 0.9921875 0.01953125 0.015625
0 0.505078125 0.9640625 0.01015625 0.0328125
0 0.513671875 0.9734375 0.02734375 0.046875