2 0.006640625 0.425 0.01328125 0.028125
2 0.076171875 0.448046875 0.09765625 0.02265625
2 0.12421875 0.409375 0.03125 0.03203125
2 0.04453125 0.4 0.03359375 0.03359375
2 0.2984375 0.40703125 0.02890625 0.028125
2 0.014453125 0.237890625 0.02890625 0.06953125
2 0.271875 0.24375 0.02890625 0.03984375
2 0.184375 0.17734375 0.0234375 0.028125
2 0.003125 0.2671875 0.00625 0.0359375
2 0.004296875 0.137890625 0.00859375 0.01953125
2 0.005859375 0.071875 0.01171875 0.0234375
2 0.004296875 0.02109375 0.00859375 0.0234375
2 0.005078125 0.057421875 0.01015625 0.02421875
2 0.008984375 0.013671875 0.01796875 0.02734375
2 0.05078125 0.08125 0.0203125 0.01640625
2 0.1609375 0.0296875 0.01875 0.01953125
2 0.30546875 0.0796875 0.02734375 0.0265625
2 0.005859375 0.00625 0.01171875 0.0125
2 0.005078125 0.00546875 0.01015625 0.0109375
2 0.004296875 0.004296875 0.00859375 0.00859375
2 0.005859375 0.004296875 0.01171875 0.00859375
2 0.009765625 0.005078125 0.01953125 0.01015625
2 0.190234375 0.0046875 0.01953125 0.009375
2 0.00625 0.005859375 0.0125 0.01171875
2 0.0046875 0.0046875 0.009375 0.009375
2 0.00625 0.00546875 0.0125 0.0109375
2 0.041796875 0.007421875 0.02265625 0.01484375
2 0.099609375 0.007421875 0.03046875 0.01484375
2 0.24609375 0.0046875 0.021875 0.009375
2 0.328515625 0.004296875 0.01640625 0.00859375
2 0.3015625 0.006640625 0.0203125 0.01328125
2 0.03671875 0.0078125 0.0234375 0.015625
2 0.18828125 0.004296875 0.01875 0.00859375
3 0.474609375 0.44609375 0.03203125 0.0265625
3 0.425 0.440625 0.0359375 0.0375
3 0.366015625 0.369921875 0.01328125 0.01953125
3 0.58671875 0.3703125 0.0453125 0.0421875
3 0.675 0.321875 0.03515625 0.03984375
3 0.78828125 0.42109375 0.0171875 0.021875
3 0.7359375 0.265625 0.02890625 0.0328125
3 0.88984375 0.3203125 0.04296875 0.04453125
3 0.94921875 0.19296875 0.015625 0.01953125
3 0.896875 0.15703125 0.0171875 0.015625
3 0.878125 0.10703125 0.01640625 0.02109375
3 0.97265625 0.1046875 0.01796875 0.01875
3 0.91328125 0.059375 0.01640625 0.01953125
3 0.77734375 0.1703125 0.01953125 0.01953125
3 0.84765625 0.03984375 0.03671875 0.0390625
3 0.69765625 0.16171875 0.03828125 0.03828125
3 0.74296875 0.0546875 0.0390625 0.03828125
3 0.621875 0.24453125 0.015625 0.01875
3 0.41640625 0.27265625 0.04453125 0.05078125
3 0.4953125 0.1828125 0.0359375 0.03671875
3 0.4328125 0.06171875 0.01875 0.01953125
3 0.44140625 0.008203125 0.03125 0.01640625
3 0.366796875 0.007421875 0.01484375 0.01484375
3 0.480078125 0.007421875 0.02890625 0.01484375
3 0.585546875 0.005078125 0.02109375 0.01015625
3 0.682421875 0.008984375 0.03359375 0.01796875
3 0.801953125 0.00859375 0.03203125 0.0171875
3 0.84140625 0.005859375 0.01875 0.01171875
3 0.815234375 0.00546875 0.01640625 0.0109375
3 0.71875 0.0046875 0.021875 0.009375
3 0.858984375 0.00625 0.02109375 0.0125
3 0.66484375 0.00625 0.025 0.0125
3 0.604296875 0.005078125 0.01953125 0.01015625
3 0.547265625 0.008203125 0.03046875 0.01640625
3 0.444140625 0.009375 0.03515625 0.01875
3 0.28125 0.9703125 0.03828125 0.04609375
3 0.20390625 0.9125 0.01875 0.02265625
3 0.33203125 0.88359375 0.040625 0.0375
3 0.23203125 0.83046875 0.04140625 0.03515625
3 0.17734375 0.790625 0.04375 0.0375
3 0.29765625 0.7515625 0.0359375 0.0390625
3 0.315625 0.68125 0.01796875 0.01875
3 0.2015625 0.6359375 0.01640625 0.02109375
3 0.2359375 0.634375 0.01640625 0.01953125
3 0.21640625 0.57421875 0.028125 0.0296875
3 0.20625 0.525 0.0203125 0.02109375
3 0.3078125 0.5296875 0.01796875 0.021875
3 0.325 0.47421875 0.015625 0.01875
3 0.246484375 0.464453125 0.02265625 0.01015625
3 0.23671875 0.46953125 0.0390625 0.0203125
3 0.33515625 0.46953125 0.040625 0.0203125
3 0.15625 0.46484375 0.0171875 0.0109375
1 0.98984375 0.995703125 0.0171875 0.00859375
1 0.634765625 0.982421875 0.08203125 0.03515625
1 0.6765625 0.890625 0.02734375 0.02890625
1 0.8140625 0.9328125 0.021875 0.02734375
1 0.91953125 0.9015625 0.01640625 0.04296875
1 0.991796875 0.949609375 0.01640625 0.02265625
1 0.94453125 0.78984375 0.059375 0.04140625
1 0.7171875 0.78515625 0.0234375 0.02890625
1 0.52265625 0.76484375 0.02578125 0.025
1 0.62265625 0.71875 0.01640625 0.01875
1 0.51796875 0.6109375 0.0734375 0.0640625
1 0.78984375 0.56328125 0.01875 0.01953125
1 0.75703125 0.49375 0.02265625 0.025
1 0.88203125 0.6546875 0.01796875 0.0203125
1 0.9703125 0.5875 0.02109375 0.0234375
1 0.889453125 0.466015625 0.02265625 0.01328125
1 0.813671875 0.46328125 0.01640625 0.0078125
1 0.69921875 0.467578125 0.0296875 0.01640625
1 0.589453125 0.465234375 0.02890625 0.01171875