2 0.005859375 0.484375 0.01171875 0.0265625
2 0.0078125 0.298046875 0.015625 0.03203125
2 0.00546875 0.2890625 0.0109375 0.021875
2 0.011328125 0.13671875 0.02265625 0.0484375
2 0.01015625 0.426171875 0.0203125 0.03203125
2 0.0109375 0.3796875 0.021875 0.0296875
2 0.005078125 0.4703125 0.01015625 0.021875
2 0.008984375 0.44921875 0.01796875 0.034375
2 0.019140625 0.23984375 0.03828125 0.065625
2 0.008203125 0.5015625 0.01640625 0.015625
2 0.005078125 0.309375 0.01015625 0.0203125
2 0.005859375 0.42890625 0.01171875 0.025
2 0.0078125 0.3390625 0.015625 0.028125
2 0.00546875 0.249609375 0.0109375 0.01640625
2 0.021484375 0.11953125 0.04296875 0.0359375
2 0.02578125 0.499609375 0.0359375 0.01953125
2 0.0421875 0.39609375 0.02578125 0.02578125
2 0.0265625 0.26796875 0.0234375 0.0203125
2 0.05703125 0.32734375 0.01953125 0.02109375
2 0.1046875 0.353125 0.0234375 0.01953125
2 0.0953125 0.20703125 0.02109375 0.02109375
2 0.1265625 0.30859375 0.0265625 0.02109375
2 0.15 0.4765625 0.0328125 0.034375
2 0.225 0.4875 0.02109375 0.01796875
2 0.203125 0.35546875 0.025 0.025
2 0.19140625 0.1828125 0.04140625 0.04296875
2 0.2234375 0.309375 0.0203125 0.04296875
2 0.27734375 0.3 0.0234375 0.02421875
3 0.31015625 0.414453125 0.0203125 0.03984375
3 0.309765625 0.353125 0.01953125 0.0375
3 0.31015625 0.35234375 0.0203125 0.0421875
3 0.33125 0.228125 0.03984375 0.03671875
3 0.4453125 0.23984375 0.03515625 0.0375
3 0.63359375 0.39296875 0.0375 0.03125
3 0.98671875 0.40625 0.0265625 0.0390625
1 0.0390625 0.850390625 0.078125 0.07734375
1 0.012109375 0.68203125 0.02421875 0.053125
1 0.019921875 0.578125 0.03984375 0.0625
1 0.00390625 0.516796875 0.0078125 0.01484375
1 0.007421875 0.6453125 0.01484375 0.0234375
1 0.006640625 0.5171875 0.01328125 0.015625
1 0.005859375 0.51484375 0.01171875 0.0109375
1 0.072265625 0.513671875 0.01796875 0.00859375
1 0.09765625 0.51796875 0.03125 0.0171875
1 0.11875 0.60859375 0.06796875 0.0671875
1 0.10234375 0.784375 0.0203125 0.01875
1 0.1578125 0.734375 0.06875 0.02734375
1 0.171875 0.92265625 0.0390625 0.01484375
1 0.275 0.890234375 0.05 0.04609375
1 0.2171875 0.7703125 0.02109375 0.01953125
1 0.20078125 0.64609375 0.02109375 0.02109375
1 0.23203125 0.55703125 0.01640625 0.01875
1 0.216796875 0.518359375 0.03359375 0.01796875
1 0.162109375 0.51640625 0.03046875 0.0140625
0 0.307421875 0.879296875 0.01484375 0.02265625
0 0.3359375 0.853125 0.028125 0.01640625
0 0.306640625 0.667578125 0.01328125 0.01953125
0 0.312890625 0.708984375 0.02578125 0.03359375
0 0.309765625 0.57578125 0.01953125 0.0234375
0 0.3515625 0.628125 0.046875 0.040625
0 0.403125 0.57578125 0.0296875 0.0203125
0 0.46796875 0.5859375 0.03359375 0.02734375
0 0.46640625 0.66640625 0.02421875 0.0359375
0 0.4265625 0.85 0.02109375 0.01953125
0 0.47421875 0.803125 0.03046875 0.02421875
0 0.5109375 0.78359375 0.02421875 0.02421875
0 0.5609375 0.81953125 0.021875 0.02109375
0 0.5953125 0.63046875 0.0296875 0.028125
0 0.46328125 0.9703125 0.0296875 0.02109375
0 0.43671875 0.915625 0.025 0.0234375
0 0.53671875 0.96484375 0.03203125 0.02421875
0 0.6546875 0.92421875 0.028125 0.0359375
0 0.68359375 0.80625 0.04609375 0.04296875
0 0.71015625 0.69453125 0.02890625 0.02421875
0 0.76640625 0.628125 0.0234375 0.021875
0 0.76953125 0.81328125 0.02421875 0.01953125
0 0.83828125 0.95078125 0.02109375 0.0125
0 0.90859375 0.94453125 0.02734375 0.0203125
0 0.8859375 0.84140625 0.02265625 0.0171875
0 0.8609375 0.7359375 0.02421875 0.02578125
0 0.884375 0.7140625 0.02265625 0.0234375
0 0.97265625 0.9078125 0.028125 0.028125
0 0.984765625 0.837109375 0.03046875 0.02890625
0 0.990234375 0.75625 0.01953125 0.0265625
0 0.96875 0.64375 0.02421875 0.01875
0 0.91328125 0.79609375 0.02734375 0.028125
0 0.94921875 0.59375 0.0359375 0.03046875