2 0.17890625 0.04375 0.02421875 0.01953125
2 0.27578125 0.09140625 0.028125 0.02578125
2 0.20859375 0.13828125 0.0171875 0.01953125
2 0.3203125 0.10234375 0.01796875 0.02265625
2 0.37421875 0.06796875 0.0265625 0.034375
2 0.42109375 0.05 0.0265625 0.0234375
2 0.60703125 0.03359375 0.03203125 0.03125
2 0.61640625 0.115625 0.021875 0.021875
2 0.76875 0.21015625 0.0484375 0.04609375
2 0.47890625 0.1609375 0.03203125 0.04140625
2 0.52578125 0.16484375 0.0296875 0.04375
2 0.43515625 0.175 0.021875 0.02109375
2 0.36328125 0.23515625 0.01953125 0.0234375
2 0.45625 0.28984375 0.034375 0.03671875
2 0.665625 0.2609375 0.065625 0.07734375
2 0.3140625 0.3203125 0.02109375 0.02421875
2 0.39296875 0.3546875 0.03671875 0.03359375
2 0.59609375 0.309375 0.0203125 0.02109375
2 0.215625 0.353125 0.02109375 0.0234375
2 0.20234375 0.453125 0.015625 0.01953125
2 0.27734375 0.3890625 0.01953125 0.02265625
2 0.4765625 0.40390625 0.025 0.02421875
2 0.56640625 0.3765625 0.028125 0.03125
2 0.65546875 0.3921875 0.01640625 0.02265625
2 0.7859375 0.4421875 0.0359375 0.04609375
2 0.4015625 0.44765625 0.02734375 0.0359375
2 0.509375 0.4640625 0.02578125 0.02578125
2 0.6375 0.4484375 0.0203125 0.0234375
2 0.578125 0.47890625 0.02109375 0.01953125
2 0.23359375 0.55703125 0.02734375 0.02578125
2 0.35 0.50625 0.04375 0.046875
2 0.55234375 0.5265625 0.01953125 0.0234375
2 0.6984375 0.5171875 0.02109375 0.02109375
2 0.596875 0.5484375 0.02109375 0.0265625
2 0.42890625 0.571875 0.034375 0.0328125
2 0.18203125 0.65 0.02890625 0.02265625
2 0.26484375 0.6140625 0.02421875 0.021875
2 0.41796875 0.646875 0.01796875 0.02109375
2 0.55 0.625 0.025 0.025
2 0.72265625 0.61328125 0.04296875 0.04140625
2 0.59609375 0.6453125 0.04296875 0.0203125
2 0.36171875 0.7109375 0.0296875 0.03046875
2 0.60546875 0.69921875 0.02421875 0.0234375
2 0.68984375 0.73515625 0.025 0.0234375
2 0.49609375 0.75859375 0.021875 0.01953125
2 0.409375 0.7796875 0.0359375 0.021875
2 0.28203125 0.8140625 0.02578125 0.03515625
2 0.3578125 0.8515625 0.02734375 0.0375
2 0.74765625 0.8078125 0.01484375 0.0203125
2 0.48515625 0.88046875 0.03046875 0.0359375
2 0.60703125 0.87265625 0.01875 0.02578125
2 0.646875 0.94296875 0.03203125 0.0296875
2 0.2453125 0.97421875 0.02890625 0.0328125