2 0.0046875 0.005859375 0.009375 0.01171875
2 0.00625 0.00703125 0.0125 0.0140625
2 0.0046875 0.004296875 0.009375 0.00859375
2 0.00546875 0.004296875 0.0109375 0.00859375
2 0.00859375 0.025 0.0171875 0.0265625
2 0.005859375 0.071875 0.01171875 0.0265625
2 0.0078125 0.257421875 0.015625 0.03203125
2 0.00546875 0.2671875 0.0109375 0.021875
2 0.0265625 0.41953125 0.04609375 0.0484375
2 0.01015625 0.129296875 0.0203125 0.03203125
2 0.0109375 0.1765625 0.021875 0.0296875
2 0.005078125 0.0859375 0.01015625 0.021875
2 0.0515625 0.0140625 0.0234375 0.01953125
2 0.10625 0.10703125 0.03671875 0.034375
2 0.07734375 0.31640625 0.07734375 0.065625
2 0.136328125 0.005078125 0.02421875 0.01015625
2 0.17109375 0.04375 0.03359375 0.03671875
2 0.12578125 0.246875 0.02109375 0.0203125
2 0.16953125 0.005078125 0.0234375 0.01015625
2 0.269140625 0.00390625 0.01953125 0.0078125
2 0.205078125 0.0046875 0.02265625 0.009375
2 0.2203125 0.12734375 0.02421875 0.025
2 0.19296875 0.2171875 0.03125 0.028125
2 0.20859375 0.30625 0.02265625 0.01640625
2 0.25859375 0.43671875 0.04609375 0.0359375
2 0.2640625 0.05234375 0.0359375 0.02734375
2 0.28046875 0.16015625 0.02578125 0.02578125
2 0.26484375 0.28828125 0.0234375 0.0203125
2 0.2953125 0.22890625 0.01953125 0.02109375
2 0.373046875 0.006640625 0.02578125 0.01328125
2 0.32265625 0.011328125 0.046875 0.02265625
2 0.34296875 0.203125 0.0234375 0.01953125
2 0.33359375 0.34921875 0.02109375 0.02109375
2 0.36484375 0.24765625 0.0265625 0.02109375
2 0.38828125 0.0796875 0.0328125 0.034375
2 0.466015625 0.00703125 0.02265625 0.0140625
2 0.43046875 0.005859375 0.021875 0.01171875
2 0.46328125 0.06875 0.02109375 0.01796875
2 0.44140625 0.20078125 0.025 0.025
2 0.4296875 0.3734375 0.04140625 0.04296875
2 0.46171875 0.246875 0.0203125 0.04296875
2 0.526953125 0.013671875 0.03046875 0.02734375
2 0.515625 0.25625 0.0234375 0.02421875
2 0.5515625 0.340625 0.0234375 0.025
2 0.575 0.146875 0.01953125 0.021875
2 0.59609375 0.06015625 0.021875 0.0359375
2 0.62109375 0.00625 0.0171875 0.0125
2 0.621875 0.398046875 0.015625 0.01484375
0 0.63671875 0.00703125 0.0140625 0.0140625
0 0.63671875 0.00859375 0.0140625 0.0171875
0 0.638671875 0.009765625 0.01796875 0.01953125
0 0.634375 0.00546875 0.009375 0.0109375
0 0.638671875 0.0078125 0.01796875 0.015625
0 0.64453125 0.01328125 0.0296875 0.0265625
0 0.63515625 0.005078125 0.0109375 0.01015625
0 0.64453125 0.116796875 0.0296875 0.05546875
0 0.63671875 0.007421875 0.0140625 0.01484375
0 0.641015625 0.0421875 0.02265625 0.0453125
0 0.639453125 0.2625 0.01953125 0.0484375
0 0.637109375 0.22265625 0.01484375 0.0296875
0 0.638671875 0.006640625 0.01796875 0.01328125
0 0.64140625 0.0125 0.0234375 0.025
0 0.646484375 0.024609375 0.03359375 0.03984375
0 0.63671875 0.091015625 0.0140625 0.04453125
0 0.65 0.184765625 0.040625 0.10234375
0 0.639453125 0.00859375 0.01953125 0.0171875
0 0.636328125 0.0046875 0.01328125 0.009375
0 0.635546875 0.041015625 0.01171875 0.03046875
0 0.640234375 0.106640625 0.02109375 0.02734375
0 0.637890625 0.22421875 0.01640625 0.046875
0 0.63671875 0.3328125 0.0140625 0.034375
0 0.678125 0.24375 0.03125 0.02578125
0 0.66328125 0.0984375 0.01953125 0.02734375
0 0.67734375 0.01328125 0.0375 0.0265625
0 0.683984375 0.01015625 0.02578125 0.0203125
0 0.73359375 0.007421875 0.034375 0.01484375
0 0.780078125 0.00859375 0.05390625 0.0171875
0 0.833203125 0.00546875 0.03203125 0.0109375
0 0.80546875 0.02109375 0.0609375 0.0421875
0 0.75703125 0.11640625 0.03359375 0.02890625
0 0.80390625 0.17734375 0.03671875 0.0265625
0 0.8046875 0.2171875 0.01953125 0.01953125
0 0.83984375 0.2890625 0.03359375 0.02578125
0 0.8921875 0.084375 0.03046875 0.01796875
0 0.93359375 0.013671875 0.04375 0.02734375
0 0.986328125 0.0078125 0.02734375 0.015625
0 0.95078125 0.17265625 0.02890625 0.03046875
2 0.009375 0.517578125 0.01875 0.01640625
2 0.00546875 0.673828125 0.0109375 0.02421875
2 0.00703125 0.861328125 0.0140625 0.03203125
2 0.008203125 0.661328125 0.01640625 0.02890625
2 0.007421875 0.51640625 0.01484375 0.0140625
2 0.00703125 0.515625 0.0140625 0.0125
2 0.0078125 0.518359375 0.015625 0.01796875
2 0.008984375 0.591015625 0.01796875 0.02578125
2 0.0046875 0.7171875 0.009375 0.0171875
2 0.004296875 0.827734375 0.00859375 0.01953125
2 0.00625 0.672265625 0.0125 0.02109375
2 0.08671875 0.74453125 0.04921875 0.053125
2 0.1078125 0.64609375 0.01953125 0.015625
2 0.134375 0.51796875 0.03125 0.0171875
2 0.1234375 0.92109375 0.0265625 0.01796875
2 0.18671875 0.83359375 0.040625 0.040625
2 0.20234375 0.61875 0.0265625 0.0234375
2 0.289453125 0.516796875 0.03046875 0.01484375
2 0.321875 0.515234375 0.034375 0.01171875
2 0.4140625 0.51953125 0.0453125 0.0203125
2 0.284375 0.665625 0.01875 0.01484375
2 0.30234375 0.72890625 0.0234375 0.02265625
2 0.2796875 0.87265625 0.0359375 0.034375
2 0.403125 0.765625 0.0390625 0.04765625
2 0.44375 0.88046875 0.02578125 0.025
2 0.537890625 0.514453125 0.02265625 0.01015625
2 0.509375 0.5328125 0.02421875 0.01875
2 0.52265625 0.66171875 0.05859375 0.04921875
2 0.54765625 0.85703125 0.0296875 0.03203125
2 0.604296875 0.72421875 0.05078125 0.0609375
2 0.616015625 0.821875 0.02734375 0.0296875
2 0.619140625 0.527734375 0.02109375 0.03671875
1 0.634375 0.51328125 0.009375 0.0078125
1 0.634375 0.513671875 0.009375 0.00859375
1 0.633984375 0.589453125 0.00859375 0.01953125
1 0.638671875 0.515234375 0.01796875 0.01171875
1 0.633984375 0.571875 0.00859375 0.0125
1 0.666015625 0.673046875 0.07265625 0.05703125
1 0.647265625 0.84140625 0.03515625 0.0921875
1 0.63828125 0.855078125 0.0171875 0.02421875
1 0.63515625 0.743359375 0.0109375 0.01953125
1 0.637109375 0.51875 0.01484375 0.01875
1 0.63515625 0.5171875 0.0109375 0.015625
1 0.63359375 0.630859375 0.0078125 0.01640625
1 0.6375 0.516015625 0.015625 0.01328125
1 0.712890625 0.51796875 0.02734375 0.0171875
1 0.68046875 0.51484375 0.01875 0.0109375
1 0.768359375 0.5140625 0.01796875 0.009375
1 0.74140625 0.540625 0.0328125 0.03046875
1 0.72265625 0.62890625 0.021875 0.03125
1 0.759375 0.778125 0.0359375 0.0375
1 0.80234375 0.6640625 0.06015625 0.05625
1 0.8984375 0.81328125 0.059375 0.028125
1 0.9484375 0.64609375 0.02109375 0.021875
1 0.990234375 0.8375 0.01953125 0.0359375
1 0.98203125 0.580859375 0.0359375 0.04921875
1 0.82734375 0.5125 0.0203125 0.00625
1 0.91171875 0.514453125 0.03125 0.01015625
1 0.944921875 0.51484375 0.01640625 0.0109375