2 0.1765625 0.1125 0.01953125 0.021875
2 0.36328125 0.11484375 0.02890625 0.02578125
2 0.571875 0.06796875 0.02265625 0.0296875
2 0.6671875 0.08671875 0.0234375 0.028125
2 0.6265625 0.13828125 0.02109375 0.03046875
2 0.6 0.16015625 0.015625 0.0171875
2 0.76328125 0.17265625 0.028125 0.03203125
2 0.67109375 0.22734375 0.03203125 0.025
2 0.21875 0.2609375 0.0171875 0.01875
2 0.175 0.30390625 0.01640625 0.02578125
2 0.33046875 0.26015625 0.0171875 0.01953125
2 0.4359375 0.2828125 0.090625 0.10625
2 0.56875 0.25234375 0.046875 0.028125
2 0.6984375 0.284375 0.0203125 0.01953125
2 0.77109375 0.2890625 0.01640625 0.02109375
2 0.57734375 0.353125 0.02109375 0.0203125
2 0.24609375 0.4140625 0.05 0.04296875
2 0.42578125 0.45234375 0.02421875 0.0265625
2 0.54140625 0.4515625 0.04140625 0.04140625
2 0.67421875 0.44921875 0.021875 0.03203125
2 0.76328125 0.39609375 0.03359375 0.03046875
2 0.33359375 0.515625 0.04140625 0.0390625
2 0.22890625 0.63046875 0.02109375 0.02265625
2 0.371875 0.60703125 0.03359375 0.0375
2 0.47109375 0.51953125 0.025 0.02890625
2 0.66328125 0.54296875 0.02265625 0.02265625
2 0.5125 0.6296875 0.06953125 0.05859375
2 0.70390625 0.6359375 0.02265625 0.0328125
2 0.8 0.67109375 0.0234375 0.025
2 0.55625 0.725 0.034375 0.0390625
2 0.265625 0.73125 0.0421875 0.0390625
2 0.37734375 0.77109375 0.0234375 0.02421875
2 0.7453125 0.803125 0.03046875 0.0328125
2 0.7015625 0.80546875 0.02578125 0.02578125
2 0.49453125 0.87578125 0.06640625 0.0671875
2 0.3546875 0.875 0.0328125 0.02734375
2 0.31796875 0.9453125 0.03046875 0.03046875
2 0.2203125 0.9375 0.0640625 0.05859375