2 0.16796875 0.2109375 0.01875 0.0171875
2 0.125 0.1671875 0.02578125 0.01640625
2 0.16875 0.32265625 0.01953125 0.0171875
2 0.01796875 0.23828125 0.0359375 0.05
2 0.009765625 0.325390625 0.01953125 0.04140625
2 0.00546875 0.220703125 0.0109375 0.02109375
2 0.009375 0.358203125 0.01875 0.02265625
2 0.009765625 0.2578125 0.01953125 0.0421875
2 0.005859375 0.363671875 0.01171875 0.01171875
2 0.006640625 0.346875 0.01328125 0.0328125
2 0.007421875 0.309765625 0.01484375 0.03046875
2 0.014453125 0.2125 0.02890625 0.0640625
0 0.93671875 0.010546875 0.053125 0.02109375
0 0.878125 0.05078125 0.028125 0.02421875
0 0.88828125 0.16640625 0.028125 0.03515625
0 0.960546875 0.00625 0.02421875 0.0125
0 0.837890625 0.00625 0.02890625 0.0125
0 0.83828125 0.008203125 0.028125 0.01640625
0 0.840625 0.012890625 0.0328125 0.02578125
0 0.815625 0.11796875 0.02265625 0.021875
0 0.775390625 0.00625 0.02109375 0.0125
0 0.749609375 0.008203125 0.02265625 0.01640625
0 0.67890625 0.1296875 0.021875 0.01953125
0 0.6421875 0.040625 0.03359375 0.0296875
0 0.665234375 0.0109375 0.04140625 0.021875
0 0.6109375 0.14765625 0.0390625 0.04296875
0 0.55546875 0.03125 0.03671875 0.02578125
0 0.598046875 0.008203125 0.06328125 0.01640625
0 0.494921875 0.012890625 0.06015625 0.02578125
0 0.43125 0.084375 0.03203125 0.03125
0 0.4125 0.015625 0.0515625 0.03125
0 0.5 0.006640625 0.021875 0.01328125
0 0.539453125 0.008984375 0.02265625 0.01796875
0 0.49140625 0.01015625 0.059375 0.0203125
0 0.6859375 0.005078125 0.021875 0.01015625
0 0.651171875 0.008984375 0.03203125 0.01796875
0 0.395703125 0.007421875 0.03984375 0.01484375
0 0.347265625 0.004296875 0.02265625 0.00859375
0 0.340234375 0.01171875 0.03984375 0.0234375
0 0.371875 0.007421875 0.0359375 0.01484375
0 0.33125 0.1109375 0.03046875 0.02109375
0 0.22734375 0.53203125 0.0390625 0.0390625
0 0.1953125 0.4546875 0.02265625 0.02421875
0 0.1640625 0.49921875 0.02734375 0.04609375
0 0.19921875 0.60546875 0.03359375 0.028125
0 0.22578125 0.659375 0.0265625 0.021875
0 0.16953125 0.78671875 0.03359375 0.028125
0 0.0953125 0.88828125 0.028125 0.034375
0 0.084375 0.65703125 0.028125 0.0375
0 0.123828125 0.3765625 0.03203125 0.0140625
0 0.0375 0.38046875 0.046875 0.021875
0 0.096875 0.43828125 0.028125 0.01953125
0 0.006640625 0.42421875 0.01328125 0.028125
0 0.0140625 0.5390625 0.02734375 0.034375
0 0.078125 0.5859375 0.015625 0.01484375
0 0.007421875 0.65859375 0.01484375 0.0234375
0 0.01171875 0.73125 0.0234375 0.040625
0 0.03984375 0.76796875 0.0265625 0.021875
0 0.005859375 0.8234375 0.01171875 0.028125
0 0.0046875 0.794921875 0.009375 0.02578125
0 0.00703125 0.8640625 0.0140625 0.025
0 0.005078125 0.7953125 0.01015625 0.01875
0 0.007421875 0.7484375 0.01484375 0.034375
0 0.00703125 0.701953125 0.0140625 0.02265625
0 0.00625 0.60625 0.0125 0.034375
0 0.007421875 0.5 0.01484375 0.028125
0 0.005859375 0.532421875 0.01171875 0.01796875
0 0.0078125 0.43828125 0.015625 0.0265625
0 0.00546875 0.49921875 0.0109375 0.021875
0 0.0078125 0.58828125 0.015625 0.034375
0 0.008203125 0.378515625 0.01640625 0.01796875
0 0.005078125 0.42734375 0.01015625 0.01875
0 0.006640625 0.696875 0.01328125 0.03125
0 0.00625 0.67109375 0.0125 0.01875
0 0.006640625 0.783203125 0.01328125 0.03203125
0 0.007421875 0.853515625 0.01484375 0.03046875
0 0.008203125 0.894921875 0.01640625 0.03046875
0 0.01171875 0.8328125 0.0234375 0.0375
3 0.79375 0.40703125 0.03671875 0.034375
3 0.75234375 0.53203125 0.03828125 0.03359375
3 0.79609375 0.59609375 0.040625 0.03671875
3 0.70390625 0.42734375 0.03671875 0.03828125
3 0.5671875 0.6 0.0328125 0.0328125
3 0.57578125 0.6515625 0.0359375 0.03671875
3 0.528125 0.45078125 0.03828125 0.0359375
3 0.49765625 0.55859375 0.04453125 0.0421875
3 0.434375 0.81875 0.03671875 0.03515625
3 0.86640625 0.96875 0.028125 0.0265625
3 0.89140625 0.79609375 0.04296875 0.040625
3 0.81953125 0.82265625 0.03671875 0.0359375
3 0.258203125 0.912890625 0.01640625 0.03515625
3 0.26171875 0.608203125 0.0234375 0.05234375
3 0.259375 0.498828125 0.01875 0.03671875
3 0.26875 0.45546875 0.0375 0.03515625