2 0.371875 0.1171875 0.03359375 0.03828125
2 0.5765625 0.11171875 0.02421875 0.021875
2 0.7640625 0.1109375 0.03203125 0.028125
2 0.5640625 0.20859375 0.02890625 0.0328125
2 0.27109375 0.225 0.028125 0.03046875
2 0.2171875 0.30390625 0.02578125 0.02890625
2 0.378125 0.25546875 0.0359375 0.03203125
2 0.49375 0.2953125 0.02578125 0.03671875
2 0.61953125 0.26015625 0.0171875 0.01953125
2 0.73046875 0.2578125 0.01953125 0.01796875
2 0.575 0.30234375 0.02109375 0.025
2 0.646875 0.4125 0.053125 0.04921875
2 0.5484375 0.43359375 0.015625 0.01953125
2 0.31953125 0.46015625 0.03515625 0.03125
2 0.8234375 0.44921875 0.01796875 0.0265625
2 0.7359375 0.5125 0.040625 0.040625
2 0.52109375 0.528125 0.0234375 0.0265625
2 0.26171875 0.615625 0.03046875 0.03046875
2 0.3875 0.64765625 0.0234375 0.034375
2 0.3328125 0.73984375 0.04140625 0.0453125
2 0.56796875 0.61015625 0.01484375 0.01875
2 0.63125 0.628125 0.02265625 0.0234375
2 0.775 0.60546875 0.034375 0.0359375
2 0.66796875 0.72890625 0.04765625 0.0390625
2 0.7828125 0.76953125 0.025 0.02578125
2 0.2859375 0.8640625 0.02109375 0.02265625
2 0.43515625 0.83515625 0.01875 0.02421875
2 0.5640625 0.8484375 0.04921875 0.05859375
2 0.759375 0.8734375 0.03203125 0.0296875
2 0.6265625 0.934375 0.0609375 0.05859375
2 0.72421875 0.94375 0.0296875 0.03046875
2 0.4296875 0.9515625 0.0375 0.034375