2 0.2328125 0.479296875 0.053125 0.04140625
2 0.33125 0.4625 0.015625 0.01953125
2 0.05625 0.446875 0.01796875 0.0265625
2 0.14375 0.38359375 0.040625 0.040625
2 0.35859375 0.36796875 0.0234375 0.0265625
2 0.4921875 0.2484375 0.0234375 0.034375
2 0.5328125 0.15625 0.0140625 0.0453125
2 0.31171875 0.2859375 0.01484375 0.01875
2 0.2484375 0.26796875 0.02265625 0.0234375
2 0.1046875 0.290625 0.034375 0.0359375
2 0.21171875 0.1671875 0.04765625 0.0390625
2 0.096875 0.1265625 0.025 0.02578125
2 0.44453125 0.0609375 0.01875 0.02421875
2 0.315625 0.04765625 0.04921875 0.05859375
2 0.1203125 0.02265625 0.03203125 0.0296875
2 0.253125 0.014453125 0.0609375 0.02890625
2 0.15546875 0.007421875 0.0296875 0.01484375
2 0.45 0.00859375 0.0375 0.0171875
3 0.9671875 0.47734375 0.04296875 0.03828125
3 0.98671875 0.3859375 0.021875 0.021875
3 0.85078125 0.4 0.03828125 0.040625
3 0.712109375 0.4921875 0.03046875 0.015625
3 0.703125 0.42890625 0.0265625 0.03359375
3 0.80546875 0.31171875 0.04375 0.05
3 0.9234375 0.2703125 0.01953125 0.0203125
3 0.987890625 0.278125 0.02421875 0.0359375
3 0.73203125 0.2625 0.0375 0.03359375
3 0.7109375 0.1765625 0.01875 0.01796875
3 0.8234375 0.1296875 0.01796875 0.0203125
3 0.90234375 0.15703125 0.0359375 0.034375
3 0.92890625 0.10625 0.0296875 0.03359375
3 0.9828125 0.00703125 0.0234375 0.0140625
3 0.923046875 0.007421875 0.02421875 0.01484375
3 0.88984375 0.0109375 0.0453125 0.021875
3 0.80859375 0.01953125 0.03046875 0.034375
3 0.7078125 0.016015625 0.0359375 0.03203125
0 0.48515625 0.90625 0.0921875 0.08984375
0 0.375 0.9640625 0.04375 0.03671875
0 0.268359375 0.994140625 0.03046875 0.01171875
0 0.14453125 0.9703125 0.03203125 0.03671875
0 0.27265625 0.8984375 0.053125 0.0484375
0 0.4171875 0.83359375 0.0328125 0.03984375
0 0.36796875 0.7953125 0.02421875 0.0234375
0 0.096875 0.81015625 0.0375 0.040625
0 0.4375 0.74375 0.028125 0.03046875
0 0.46171875 0.7015625 0.0328125 0.03046875
0 0.16015625 0.7296875 0.02109375 0.028125
0 0.1125 0.67265625 0.05390625 0.03828125
0 0.3140625 0.66640625 0.05625 0.0296875
0 0.315625 0.57109375 0.04296875 0.05625
0 0.17578125 0.6171875 0.03125 0.03515625
0 0.05390625 0.55 0.03125 0.05078125
0 0.14296875 0.5171875 0.02578125 0.03203125
0 0.45234375 0.58359375 0.02734375 0.02109375
0 0.459375 0.523828125 0.0390625 0.04765625
0 0.52265625 0.509375 0.034375 0.01875
0 0.363671875 0.5125 0.04296875 0.025
0 0.213671875 0.51171875 0.05859375 0.0234375
0 0.430859375 0.507421875 0.04140625 0.01484375
0 0.469140625 0.507421875 0.03359375 0.01484375
0 0.350390625 0.508984375 0.03046875 0.01796875
0 0.246484375 0.5078125 0.03046875 0.015625
0 0.082421875 0.50703125 0.03203125 0.0140625
0 0.44921875 0.5078125 0.040625 0.015625
0 0.377734375 0.512890625 0.03671875 0.02578125
0 0.33203125 0.505078125 0.0234375 0.01015625
0 0.2625 0.510546875 0.03125 0.02109375
0 0.183203125 0.507421875 0.02265625 0.01484375
0 0.04921875 0.507421875 0.021875 0.01484375
3 0.71796875 0.98671875 0.03125 0.0265625
3 0.55234375 0.983984375 0.025 0.03203125
3 0.546484375 0.866015625 0.01328125 0.02734375
3 0.765625 0.85 0.01484375 0.01484375
3 0.96015625 0.92890625 0.0390625 0.03828125
3 0.993359375 0.9015625 0.01328125 0.0375
3 0.95625 0.83046875 0.03671875 0.034375
3 0.9 0.771875 0.03984375 0.0453125
3 0.82890625 0.74453125 0.01875 0.0234375
3 0.7546875 0.77265625 0.0375 0.0359375
3 0.77421875 0.71640625 0.0421875 0.0421875
3 0.71953125 0.6796875 0.01875 0.0203125
3 0.8578125 0.65390625 0.02421875 0.021875
3 0.5828125 0.778125 0.0328125 0.03515625
3 0.54921875 0.750390625 0.01875 0.04140625
3 0.54375 0.564453125 0.0078125 0.02109375
3 0.70546875 0.61484375 0.0484375 0.04765625
3 0.778125 0.58125 0.03359375 0.03046875
3 0.6671875 0.553125 0.0390625 0.0421875
3 0.59140625 0.509375 0.0359375 0.01875
3 0.673828125 0.508203125 0.03515625 0.01640625
3 0.727734375 0.509765625 0.03671875 0.01953125
3 0.991015625 0.6078125 0.01796875 0.0296875
3 0.93046875 0.57578125 0.03515625 0.04140625
3 0.89921875 0.512890625 0.034375 0.02578125
3 0.9484375 0.511328125 0.046875 0.02265625
3 0.8421875 0.509765625 0.040625 0.01953125
3 0.67890625 0.504296875 0.01875 0.00859375