2 0.00703125 0.572265625 0.0140625 0.02734375
2 0.00625 0.458984375 0.0125 0.02109375
2 0.006640625 0.4015625 0.01328125 0.028125
2 0.007421875 0.298828125 0.01484375 0.02109375
2 0.0046875 0.405859375 0.009375 0.01953125
2 0.005859375 0.354296875 0.01171875 0.01953125
2 0.01953125 0.27890625 0.0359375 0.03125
2 0.0046875 0.1296875 0.009375 0.0171875
2 0.0046875 0.466796875 0.009375 0.01640625
2 0.0046875 0.56796875 0.009375 0.0234375
2 0.09765625 0.60390625 0.01953125 0.0203125
2 0.03671875 0.4265625 0.02734375 0.02265625
2 0.14609375 0.553125 0.0234375 0.02421875
2 0.12109375 0.48828125 0.03203125 0.02734375
2 0.11953125 0.3828125 0.0328125 0.03671875
2 0.08203125 0.30703125 0.0234375 0.01953125
2 0.11953125 0.12578125 0.04453125 0.0578125
2 0.18359375 0.090625 0.03671875 0.04296875
2 0.27109375 0.009375 0.028125 0.01875
2 0.178125 0.3078125 0.01875 0.02109375
2 0.2140625 0.39921875 0.02109375 0.02109375
2 0.23125 0.46171875 0.021875 0.0234375
2 0.228125 0.6015625 0.01875 0.0171875
2 0.2328125 0.575 0.0203125 0.01640625
2 0.30234375 0.496875 0.034375 0.0359375
2 0.2953125 0.421875 0.0234375 0.0234375
2 0.3375 0.39765625 0.0203125 0.01953125
2 0.40234375 0.30859375 0.02734375 0.02734375
2 0.35625 0.1734375 0.04140625 0.04765625
2 0.38125 0.02734375 0.0359375 0.0328125
2 0.4296875 0.21953125 0.05703125 0.05859375
2 0.4234375 0.41875 0.01875 0.0171875
2 0.4296875 0.53125 0.015625 0.01484375
2 0.46796875 0.575 0.02109375 0.02109375
2 0.5421875 0.59453125 0.021875 0.01953125
2 0.4765625 0.52421875 0.0234375 0.021875
2 0.47421875 0.4171875 0.0203125 0.02109375
2 0.575 0.39453125 0.0390625 0.03671875
2 0.56640625 0.16328125 0.03671875 0.0359375
2 0.6265625 0.085546875 0.0265625 0.05546875
1 0.66171875 0.627734375 0.04375 0.04453125
1 0.64453125 0.573046875 0.009375 0.04609375
1 0.644921875 0.56796875 0.01015625 0.01875
1 0.6453125 0.454296875 0.0109375 0.02890625
1 0.6546875 0.462109375 0.0296875 0.05390625
1 0.646484375 0.35 0.01328125 0.021875
1 0.647265625 0.36328125 0.01484375 0.0140625
1 0.648046875 0.22890625 0.01640625 0.0265625
1 0.6515625 0.227734375 0.0234375 0.05859375
1 0.678125 0.178125 0.0765625 0.0859375
1 0.645703125 0.328515625 0.01171875 0.01953125
1 0.648046875 0.380859375 0.01640625 0.03203125
1 0.64609375 0.2859375 0.0125 0.025
1 0.644921875 0.3828125 0.01015625 0.021875
1 0.6453125 0.41015625 0.0109375 0.0234375
1 0.6453125 0.504296875 0.0109375 0.01953125
1 0.644140625 0.58203125 0.00859375 0.01875
1 0.644140625 0.631640625 0.00859375 0.01640625
1 0.656640625 0.452734375 0.03359375 0.14765625
1 0.72265625 0.54921875 0.03125 0.0140625
1 0.703125 0.43046875 0.0203125 0.01328125
1 0.70625 0.2734375 0.11171875 0.1234375
1 0.75078125 0.39921875 0.01875 0.02265625
1 0.7640625 0.5078125 0.01640625 0.03125
1 0.8203125 0.5 0.0234375 0.02109375
1 0.81484375 0.37890625 0.0484375 0.090625
1 0.86171875 0.28828125 0.02109375 0.02421875
1 0.82890625 0.21484375 0.02734375 0.02109375
1 0.794140625 0.594921875 0.08984375 0.11015625
1 0.95703125 0.644140625 0.025 0.01171875
1 0.9609375 0.53828125 0.01875 0.0140625
1 0.903125 0.4953125 0.03203125 0.03046875
1 0.965625 0.3734375 0.0265625 0.02421875
1 0.965625 0.19140625 0.03359375 0.03125
3 0.008984375 0.94140625 0.01796875 0.0421875
3 0.0109375 0.985546875 0.021875 0.02890625
3 0.006640625 0.883984375 0.01328125 0.02265625
3 0.009765625 0.832421875 0.01953125 0.03984375
3 0.009375 0.871484375 0.01875 0.03828125
3 0.01640625 0.94296875 0.03125 0.0296875
3 0.0890625 0.89453125 0.0328125 0.034375
3 0.216796875 0.99375 0.02421875 0.0125
3 0.25703125 0.95078125 0.0234375 0.01875
3 0.2609375 0.86015625 0.04609375 0.0453125
3 0.31171875 0.8359375 0.02265625 0.01953125
3 0.3234375 0.95234375 0.025 0.01953125
3 0.46484375 0.8921875 0.040625 0.03828125
3 0.57265625 0.84453125 0.03671875 0.03828125
3 0.53671875 0.90546875 0.040625 0.03828125
3 0.60703125 0.94765625 0.0328125 0.03359375
3 0.634765625 0.904296875 0.01015625 0.03984375
3 0.651953125 0.978515625 0.02421875 0.04296875
3 0.65 0.76171875 0.0203125 0.0375
3 0.648046875 0.671484375 0.01640625 0.03203125
3 0.649609375 0.84765625 0.01953125 0.0375
3 0.651953125 0.95625 0.02421875 0.04375
3 0.648828125 0.730078125 0.01796875 0.03359375
3 0.648828125 0.65859375 0.01796875 0.0171875
3 0.645703125 0.65546875 0.01171875 0.0109375
3 0.649609375 0.734375 0.01953125 0.0375
3 0.646484375 0.657421875 0.01328125 0.01484375
3 0.648046875 0.657421875 0.01640625 0.01484375
3 0.668359375 0.66015625 0.03515625 0.0203125
3 0.72421875 0.65703125 0.034375 0.0140625
3 0.68203125 0.65859375 0.0359375 0.0171875
3 0.73203125 0.7203125 0.01953125 0.01875
3 0.65 0.865234375 0.0203125 0.03984375
3 0.647265625 0.9859375 0.01484375 0.028125
3 0.78828125 0.86015625 0.03828125 0.03828125
3 0.81875 0.77734375 0.03828125 0.0390625
3 0.97265625 0.93125 0.03125 0.0296875
3 0.987890625 0.7296875 0.02421875 0.0328125
3 0.8609375 0.660546875 0.0421875 0.02109375
3 0.903515625 0.658203125 0.03203125 0.01640625
3 0.987109375 0.6546875 0.02421875 0.009375