2 0.21171875 0.0859375 0.02734375 0.02890625
2 0.325 0.0609375 0.02109375 0.02578125
2 0.3828125 0.0265625 0.028125 0.02734375
2 0.48515625 0.0265625 0.02109375 0.03046875
2 0.378125 0.1125 0.01953125 0.01953125
2 0.4296875 0.13125 0.01953125 0.02421875
2 0.50546875 0.17890625 0.03125 0.0359375
2 0.6546875 0.1015625 0.0171875 0.01875
2 0.3171875 0.13984375 0.01640625 0.01953125
2 0.21640625 0.14765625 0.0234375 0.01953125
2 0.18046875 0.25703125 0.0203125 0.01953125
2 0.3578125 0.19609375 0.02265625 0.02734375
2 0.23125 0.30546875 0.02421875 0.0234375
2 0.29609375 0.28046875 0.02734375 0.03203125
2 0.4015625 0.27890625 0.03671875 0.0328125
2 0.47734375 0.24140625 0.01953125 0.0234375
2 0.65859375 0.27890625 0.0578125 0.04453125
2 0.69375 0.34296875 0.04296875 0.03671875
2 0.78046875 0.43046875 0.03046875 0.028125
2 0.4765625 0.3375 0.02109375 0.01875
2 0.38515625 0.3734375 0.02109375 0.02109375
2 0.32265625 0.390625 0.0234375 0.021875
2 0.1828125 0.3875 0.0171875 0.01875
2 0.209375 0.3921875 0.01640625 0.0203125
2 0.2875 0.46171875 0.0359375 0.034375
2 0.3625 0.4546875 0.0234375 0.0234375
2 0.38671875 0.496875 0.01953125 0.0203125
2 0.47578125 0.56171875 0.02734375 0.02734375
2 0.6109375 0.515625 0.04765625 0.04140625
2 0.75703125 0.540625 0.0328125 0.0359375
2 0.56484375 0.5890625 0.05859375 0.05703125
2 0.365625 0.5828125 0.0171875 0.01875
2 0.253125 0.5890625 0.01484375 0.015625
2 0.209375 0.62734375 0.02109375 0.02109375
2 0.18984375 0.7015625 0.01953125 0.021875
2 0.26015625 0.6359375 0.021875 0.0234375
2 0.3671875 0.63359375 0.02109375 0.0203125
2 0.38984375 0.734375 0.03671875 0.0390625
2 0.62109375 0.72578125 0.0359375 0.03671875
2 0.6984375 0.7984375 0.05546875 0.0515625
2 0.3234375 0.83671875 0.03203125 0.03515625
2 0.38671875 0.8421875 0.03671875 0.04140625
2 0.403125 0.9234375 0.046875 0.04765625
2 0.3484375 0.9390625 0.03046875 0.02890625
2 0.50390625 0.86171875 0.01953125 0.02421875
2 0.55234375 0.9046875 0.03828125 0.0359375
2 0.2546875 0.95859375 0.01796875 0.0203125