2 0.274609375 0.00703125 0.02734375 0.0140625
2 0.161328125 0.00625 0.02109375 0.0125
2 0.10390625 0.006640625 0.028125 0.01328125
2 0.005859375 0.007421875 0.01171875 0.01484375
2 0.108203125 0.0046875 0.01953125 0.009375
2 0.056640625 0.005859375 0.01953125 0.01171875
2 0.0078125 0.008984375 0.015625 0.01796875
2 0.004296875 0.0046875 0.00859375 0.009375
2 0.169140625 0.0046875 0.01640625 0.009375
2 0.2703125 0.0046875 0.0234375 0.009375
2 0.30625 0.0515625 0.0203125 0.01953125
2 0.128515625 0.006640625 0.02265625 0.01328125
2 0.25546875 0.1 0.02421875 0.0234375
2 0.190625 0.075 0.02734375 0.03203125
2 0.08515625 0.0734375 0.03671875 0.0328125
2 0.009375 0.0359375 0.01875 0.0234375
2 0.014453125 0.073046875 0.02890625 0.04453125
2 0.010546875 0.137109375 0.02109375 0.03671875
2 0.007421875 0.225 0.01484375 0.028125
2 0.01015625 0.13203125 0.0203125 0.01875
2 0.1015625 0.16796875 0.02109375 0.02109375
2 0.1640625 0.18515625 0.0234375 0.021875
2 0.30390625 0.18203125 0.0171875 0.01875
2 0.27734375 0.18671875 0.01640625 0.0203125
2 0.19921875 0.25625 0.0359375 0.034375
2 0.12421875 0.24921875 0.0234375 0.0234375
2 0.1 0.29140625 0.01953125 0.0203125
2 0.012109375 0.355859375 0.02421875 0.02734375
2 0.01171875 0.309765625 0.0234375 0.04140625
2 0.008203125 0.33515625 0.01640625 0.0359375
2 0.014453125 0.383203125 0.02890625 0.05703125
2 0.12109375 0.37734375 0.0171875 0.01875
2 0.23359375 0.38359375 0.01484375 0.015625
2 0.27734375 0.421875 0.02109375 0.02109375
2 0.296875 0.49609375 0.01953125 0.021875
2 0.2265625 0.43046875 0.021875 0.0234375
2 0.11953125 0.428125 0.02109375 0.0203125
2 0.096875 0.52890625 0.03671875 0.0390625
2 0.008984375 0.519921875 0.01796875 0.03671875
2 0.013671875 0.59296875 0.02734375 0.0515625
2 0.16328125 0.63125 0.03203125 0.03515625
2 0.099609375 0.6328125 0.03671875 0.034375
0 0.91484375 0.005859375 0.028125 0.01171875
0 0.840625 0.006640625 0.0203125 0.01328125
0 0.686328125 0.007421875 0.02890625 0.01484375
0 0.738671875 0.006640625 0.02421875 0.01328125
0 0.569140625 0.007421875 0.01796875 0.01484375
0 0.59140625 0.005078125 0.025 0.01015625
0 0.75 0.00546875 0.01875 0.0109375
0 0.966015625 0.004296875 0.01328125 0.00859375
0 0.925390625 0.00625 0.02578125 0.0125
0 0.731640625 0.0078125 0.03203125 0.015625
0 0.676953125 0.00625 0.02109375 0.0125
0 0.607421875 0.008203125 0.03359375 0.01640625
0 0.416796875 0.006640625 0.02109375 0.01328125
0 0.40390625 0.006640625 0.0203125 0.01328125
0 0.48984375 0.005078125 0.021875 0.01015625
0 0.531640625 0.009375 0.04140625 0.01875
0 0.491796875 0.00703125 0.04296875 0.0140625
0 0.455078125 0.009765625 0.03984375 0.01953125
0 0.48828125 0.06171875 0.04609375 0.025
0 0.5328125 0.03125 0.0234375 0.0234375
0 0.698046875 0.008203125 0.02890625 0.01640625
0 0.6265625 0.1015625 0.02890625 0.03203125
0 0.54921875 0.13046875 0.0203125 0.0265625
0 0.77890625 0.009375 0.0265625 0.01875
0 0.9921875 0.011328125 0.015625 0.02265625
0 0.959375 0.04140625 0.034375 0.06484375
0 0.837109375 0.0171875 0.02890625 0.034375
0 0.89453125 0.0796875 0.03203125 0.0265625
0 0.81796875 0.0859375 0.02421875 0.025
0 0.921875 0.23125 0.02578125 0.02578125
0 0.8015625 0.18125 0.04140625 0.04296875
0 0.825 0.27109375 0.02109375 0.01640625
0 0.9125 0.31875 0.0203125 0.01953125
0 0.66875 0.1890625 0.06875 0.0484375
0 0.5640625 0.26484375 0.028125 0.02578125
0 0.45 0.2109375 0.03359375 0.02734375
0 0.4015625 0.1484375 0.01484375 0.0140625
0 0.68359375 0.29765625 0.0234375 0.0234375
0 0.4875 0.3546875 0.025 0.02890625
0 0.45625 0.475 0.0203125 0.02265625
0 0.5609375 0.3625 0.01953125 0.0203125
0 0.64296875 0.40859375 0.03359375 0.0328125
0 0.684375 0.515625 0.02421875 0.03203125
0 0.80078125 0.36796875 0.02890625 0.02421875
0 0.98125 0.4109375 0.02421875 0.03125
0 0.8546875 0.45546875 0.0296875 0.034375
0 0.89609375 0.6125 0.034375 0.03125
0 0.821875 0.55625 0.02890625 0.02890625
0 0.82578125 0.609375 0.02578125 0.02421875
0 0.71015625 0.62265625 0.02890625 0.040625
0 0.55 0.5578125 0.025 0.03203125
0 0.48984375 0.55859375 0.021875 0.025
0 0.4046875 0.60390625 0.021875 0.03046875
2 0.276171875 0.658203125 0.03046875 0.01640625
2 0.292578125 0.658984375 0.03671875 0.01796875
2 0.1671875 0.6578125 0.028125 0.015625
2 0.190234375 0.658984375 0.03046875 0.01796875
2 0.116796875 0.655859375 0.01640625 0.01171875
2 0.03984375 0.660546875 0.03125 0.02109375
2 0.30625 0.81015625 0.02265625 0.025
2 0.19375 0.74921875 0.05078125 0.02734375
2 0.06484375 0.83203125 0.03203125 0.03203125
2 0.0796875 0.90078125 0.07109375 0.06953125
0 0.63671875 0.65859375 0.0359375 0.0171875
0 0.624609375 0.65546875 0.02578125 0.0109375
0 0.723828125 0.656640625 0.03515625 0.01328125
0 0.77890625 0.71796875 0.0421875 0.0484375
0 0.571875 0.67109375 0.02734375 0.04140625
0 0.455859375 0.655078125 0.02109375 0.01015625
0 0.384765625 0.658203125 0.02734375 0.01640625
0 0.32578125 0.6578125 0.0125 0.015625
0 0.32734375 0.658203125 0.015625 0.01640625
0 0.396875 0.71640625 0.025 0.02890625
0 0.353125 0.74296875 0.0265625 0.02578125
0 0.8421875 0.8859375 0.03203125 0.0296875
0 0.753125 0.8359375 0.04140625 0.02578125
0 0.68515625 0.85 0.0203125 0.0265625
0 0.578125 0.83671875 0.02421875 0.02109375
0 0.671875 0.91015625 0.0171875 0.02109375
0 0.56796875 0.94609375 0.02109375 0.0234375
0 0.47421875 0.8734375 0.0328125 0.034375
0 0.3828125 0.85234375 0.0375 0.04609375
0 0.330859375 0.8625 0.02265625 0.0296875
0 0.326171875 0.778515625 0.01328125 0.02265625
0 0.4203125 0.94296875 0.028125 0.0328125