2 0.0078125 0.1421875 0.015625 0.0296875
2 0.016015625 0.2375 0.03203125 0.0515625
2 0.00859375 0.151953125 0.0171875 0.02734375
2 0.0046875 0.19453125 0.009375 0.015625
2 0.025 0.349609375 0.05 0.08046875
2 0.008984375 0.27734375 0.01796875 0.03125
2 0.00703125 0.05546875 0.0140625 0.0296875
2 0.007421875 0.19921875 0.01484375 0.0234375
2 0.00859375 0.279296875 0.0171875 0.03046875
2 0.00859375 0.07734375 0.0171875 0.034375
2 0.01328125 0.19765625 0.0265625 0.046875
2 0.008984375 0.3203125 0.01796875 0.0390625
2 0.03984375 0.10859375 0.02890625 0.0390625
2 0.166015625 0.00390625 0.01953125 0.0078125
2 0.14921875 0.06796875 0.0296875 0.02578125
2 0.075 0.2703125 0.02421875 0.0234375
2 0.159375 0.159375 0.028125 0.03046875
2 0.2125 0.22109375 0.0265625 0.028125
2 0.2015625 0.27734375 0.028125 0.03671875
2 0.2484375 0.271875 0.0421875 0.03828125
2 0.29453125 0.008984375 0.0234375 0.01796875
2 0.33203125 0.22421875 0.0203125 0.0171875
2 0.3171875 0.31328125 0.02734375 0.02578125
2 0.328125 0.3703125 0.03046875 0.0234375
0 0.366015625 0.18359375 0.01328125 0.0203125
0 0.41953125 0.16875 0.0203125 0.0234375
0 0.455078125 0.385546875 0.03515625 0.00859375
0 0.4859375 0.33125 0.03046875 0.021875
0 0.63203125 0.2703125 0.0234375 0.021875
0 0.715625 0.3109375 0.0328125 0.04453125
0 0.77734375 0.21640625 0.02890625 0.0375
0 0.9203125 0.368359375 0.0375 0.04296875
0 0.56953125 0.18359375 0.02890625 0.034375
0 0.640625 0.15625 0.03984375 0.0171875
0 0.96328125 0.1640625 0.0296875 0.03125
0 0.953125 0.28828125 0.04140625 0.03046875
0 0.00703125 0.396875 0.0140625 0.0140625
0 0.00703125 0.3984375 0.0140625 0.0171875
0 0.008984375 0.462109375 0.01796875 0.03984375
0 0.0046875 0.3953125 0.009375 0.0109375
0 0.07890625 0.39765625 0.0359375 0.015625
0 0.01484375 0.403125 0.0296875 0.0265625
0 0.00546875 0.394921875 0.0109375 0.01015625
0 0.025 0.601953125 0.05 0.05546875
0 0.05234375 0.47578125 0.028125 0.0296875
0 0.084375 0.52734375 0.04609375 0.0453125
0 0.02109375 0.74765625 0.0390625 0.0484375
0 0.08203125 0.7078125 0.03046875 0.0296875
0 0.1171875 0.396484375 0.0359375 0.01328125
0 0.18828125 0.40234375 0.046875 0.025
0 0.1921875 0.51015625 0.0671875 0.03984375
0 0.1859375 0.5765625 0.028125 0.04453125
0 0.17109375 0.6703125 0.08203125 0.10234375
0 0.2765625 0.40859375 0.0390625 0.03515625
0 0.351171875 0.39453125 0.01640625 0.009375
0 0.33203125 0.5265625 0.0234375 0.03046875
0 0.2890625 0.5921875 0.04296875 0.02734375
0 0.27890625 0.709375 0.0328125 0.046875
0 0.33828125 0.81796875 0.02890625 0.034375
1 0.364453125 0.58671875 0.01015625 0.01875
1 0.365625 0.50390625 0.0125 0.0265625
1 0.36484375 0.55390625 0.0109375 0.01875
1 0.36484375 0.45859375 0.0109375 0.0203125
1 0.377734375 0.58359375 0.03671875 0.0640625
1 0.3671875 0.65546875 0.015625 0.028125
1 0.36640625 0.742578125 0.0140625 0.01953125
1 0.37578125 0.84765625 0.0328125 0.0375
1 0.3703125 0.862109375 0.021875 0.11953125
1 0.43125 0.76484375 0.028125 0.03046875
1 0.363671875 0.433984375 0.00859375 0.02578125
1 0.41875 0.46328125 0.02578125 0.0296875
1 0.38359375 0.54375 0.021875 0.02109375
1 0.4671875 0.58515625 0.03046875 0.03046875
1 0.5359375 0.68359375 0.0234375 0.0265625
1 0.60546875 0.58515625 0.0296875 0.02734375
1 0.58984375 0.44375 0.02109375 0.01875
1 0.66328125 0.44765625 0.053125 0.0546875
1 0.6765625 0.6328125 0.04140625 0.0375
1 0.71640625 0.559375 0.03125 0.028125
1 0.68046875 0.75546875 0.09375 0.0421875
1 0.73515625 0.4078125 0.02265625 0.028125
1 0.815625 0.43828125 0.01796875 0.01875
1 0.7796875 0.53125 0.02109375 0.02109375
1 0.8515625 0.521875 0.0234375 0.0234375
1 0.9390625 0.58515625 0.0375 0.04765625
1 0.90234375 0.709375 0.01796875 0.02109375
1 0.89453125 0.75625 0.02109375 0.02734375
1 0.975 0.76796875 0.02109375 0.01796875
1 0.971875 0.8640625 0.03984375 0.0375
1 0.91796875 0.94140625 0.040625 0.01875
1 0.79375 0.89296875 0.07578125 0.06328125
1 0.7796875 0.71640625 0.0296875 0.0296875
1 0.66484375 0.96875 0.028125 0.02578125
1 0.584375 0.86953125 0.0203125 0.0171875
1 0.515625 0.9265625 0.03984375 0.03203125