2 0.3609375 0.0484375 0.0296875 0.03125
2 0.45625 0.0796875 0.0515625 0.0640625
2 0.37109375 0.1265625 0.02734375 0.034375
2 0.41328125 0.1703125 0.015625 0.01953125
2 0.57421875 0.15078125 0.09140625 0.1
2 0.68359375 0.10859375 0.0171875 0.01796875
2 0.76484375 0.03671875 0.0234375 0.025
2 0.7703125 0.171875 0.0234375 0.02265625
2 0.70078125 0.1765625 0.0328125 0.03671875
2 0.49609375 0.2171875 0.03125 0.0359375
2 0.27421875 0.2765625 0.0296875 0.028125
2 0.41796875 0.29296875 0.0234375 0.03046875
2 0.4984375 0.32421875 0.03046875 0.03515625
2 0.73515625 0.31015625 0.03671875 0.03671875
2 0.29609375 0.409375 0.034375 0.03515625
2 0.41640625 0.46953125 0.046875 0.05390625
2 0.5390625 0.4453125 0.0390625 0.03671875
2 0.68125 0.47109375 0.02734375 0.0328125
2 0.82109375 0.50703125 0.0203125 0.02421875
2 0.32734375 0.5640625 0.0390625 0.02890625
2 0.215625 0.690625 0.01640625 0.01953125
2 0.28671875 0.6734375 0.02578125 0.0296875
2 0.4890625 0.59921875 0.0234375 0.02421875
2 0.378125 0.68359375 0.03046875 0.028125
2 0.646875 0.6359375 0.02578125 0.0234375
2 0.77890625 0.71640625 0.1078125 0.0890625
2 0.43984375 0.73671875 0.028125 0.0265625
2 0.49609375 0.72578125 0.03671875 0.028125
2 0.490625 0.77265625 0.03828125 0.0421875
2 0.62890625 0.77578125 0.03984375 0.03046875
2 0.22734375 0.81875 0.01953125 0.0234375
2 0.44296875 0.85625 0.0171875 0.0203125
2 0.328125 0.915625 0.01640625 0.01875
2 0.4265625 0.9640625 0.0265625 0.02109375
2 0.53203125 0.84140625 0.02578125 0.02734375
2 0.5890625 0.85234375 0.0234375 0.03046875
2 0.63671875 0.92421875 0.14375 0.09453125
2 0.77265625 0.93203125 0.03046875 0.02578125