2 0.16015625 0.46875 0.015625 0.01953125
2 0.02265625 0.469140625 0.0453125 0.06171875
2 0.005859375 0.466796875 0.01171875 0.02265625
2 0.008203125 0.462109375 0.01640625 0.03671875
2 0.07734375 0.421875 0.03125 0.0359375
2 0.29921875 0.3625 0.0296875 0.028125
2 0.15546875 0.34609375 0.0234375 0.03046875
2 0.075 0.31484375 0.03046875 0.03515625
2 0.008984375 0.328515625 0.01796875 0.03671875
2 0.27734375 0.2296875 0.034375 0.03515625
2 0.15703125 0.16953125 0.046875 0.05390625
2 0.034375 0.19375 0.0390625 0.03671875
2 0.006640625 0.16796875 0.01328125 0.0328125
2 0.005078125 0.131640625 0.01015625 0.02421875
2 0.24609375 0.075 0.0390625 0.02890625
2 0.357421875 0.0046875 0.01640625 0.009375
2 0.286328125 0.007421875 0.02578125 0.01484375
2 0.084375 0.03984375 0.0234375 0.02421875
2 0.194921875 0.00703125 0.03046875 0.0140625
2 0.00625 0.007421875 0.0125 0.01484375
2 0.026953125 0.022265625 0.05390625 0.04453125
2 0.13359375 0.006640625 0.028125 0.01328125
2 0.076953125 0.00703125 0.03671875 0.0140625
2 0.082421875 0.010546875 0.03828125 0.02109375
2 0.009765625 0.007421875 0.01953125 0.01484375
2 0.345703125 0.005859375 0.01953125 0.01171875
2 0.13046875 0.005078125 0.0171875 0.01015625
2 0.244921875 0.0046875 0.01640625 0.009375
2 0.146875 0.005078125 0.0265625 0.01015625
2 0.041015625 0.006640625 0.02578125 0.01328125
2 0.005859375 0.007421875 0.01171875 0.01484375
2 0.0359375 0.0234375 0.071875 0.046875
2 0.007421875 0.00625 0.01484375 0.0125
2 0.91328125 0.371875 0.0265625 0.0234375
2 0.725 0.36328125 0.02578125 0.034375
2 0.73671875 0.26171875 0.02421875 0.02578125
2 0.966796875 0.255859375 0.06640625 0.08359375
2 0.83203125 0.190625 0.0171875 0.02109375
2 0.9296875 0.084375 0.02109375 0.02734375
2 0.89140625 0.04609375 0.03359375 0.0390625
2 0.74921875 0.11640625 0.02578125 0.02578125
3 0.010546875 0.914453125 0.02109375 0.03984375
3 0.010546875 0.86875 0.02109375 0.0390625
3 0.071875 0.9296875 0.0421875 0.0453125
3 0.0109375 0.7640625 0.021875 0.0421875
3 0.265625 0.96171875 0.03203125 0.03359375
3 0.2671875 0.8828125 0.04453125 0.03984375
3 0.121875 0.8125 0.0453125 0.04296875
3 0.340625 0.76015625 0.0375 0.0421875
3 0.24765625 0.7375 0.03125 0.02890625
3 0.27734375 0.65625 0.03671875 0.03828125
3 0.33046875 0.61171875 0.0390625 0.040625
3 0.0765625 0.6703125 0.0234375 0.028125
3 0.03046875 0.66875 0.02109375 0.02265625
3 0.109375 0.52734375 0.03828125 0.040625
3 0.01328125 0.562109375 0.0265625 0.04453125
3 0.00859375 0.630859375 0.0171875 0.03359375
3 0.010546875 0.64921875 0.02109375 0.040625
3 0.009765625 0.697265625 0.01953125 0.03671875
3 0.00859375 0.51484375 0.0171875 0.0296875
3 0.0046875 0.505859375 0.009375 0.01171875
3 0.009765625 0.511328125 0.01953125 0.02265625
3 0.00859375 0.5078125 0.0171875 0.015625
3 0.083984375 0.510546875 0.04296875 0.02109375
3 0.08046875 0.509765625 0.0375 0.01953125
3 0.19453125 0.51015625 0.0390625 0.0203125
3 0.2734375 0.509765625 0.0359375 0.01953125
2 0.9265625 0.9390625 0.0203125 0.01953125
2 0.748828125 0.99296875 0.02265625 0.0140625
2 0.87578125 0.890625 0.02421875 0.0234375
2 0.8109375 0.915625 0.02734375 0.03203125
2 0.70546875 0.9171875 0.03671875 0.0328125
2 0.6296875 0.9546875 0.01953125 0.0234375
2 0.533984375 0.916796875 0.02890625 0.04453125
2 0.530078125 0.852734375 0.02109375 0.03671875
2 0.526953125 0.765625 0.01484375 0.028125
2 0.63046875 0.85859375 0.02109375 0.01875
2 0.721875 0.82265625 0.02109375 0.02109375
2 0.784375 0.80546875 0.0234375 0.021875
2 0.92421875 0.80859375 0.0171875 0.01875
2 0.89765625 0.80390625 0.01640625 0.0203125
2 0.81953125 0.734375 0.0359375 0.034375
2 0.74453125 0.74140625 0.0234375 0.0234375
2 0.7203125 0.69921875 0.01953125 0.0203125
2 0.63125 0.634375 0.02734375 0.02734375
2 0.53125 0.680078125 0.0234375 0.04140625
2 0.527734375 0.65546875 0.01640625 0.0359375
2 0.5453125 0.606640625 0.0515625 0.05703125
2 0.74140625 0.61328125 0.0171875 0.01875
2 0.85390625 0.60703125 0.01484375 0.015625
2 0.89765625 0.56875 0.02109375 0.02109375
2 0.916796875 0.50546875 0.01953125 0.0109375
2 0.846875 0.56015625 0.021875 0.0234375
2 0.73984375 0.5625 0.02109375 0.0203125
2 0.716796875 0.509765625 0.03671875 0.01953125
2 0.528515625 0.508984375 0.01796875 0.01796875
2 0.533203125 0.512890625 0.02734375 0.02578125
2 0.783203125 0.50859375 0.03203125 0.0171875
2 0.719921875 0.51015625 0.03671875 0.0203125
2 0.70390625 0.51171875 0.046875 0.0234375
2 0.758203125 0.50703125 0.03046875 0.0140625
2 0.602734375 0.505859375 0.01953125 0.01171875
2 0.554296875 0.508984375 0.03828125 0.01796875
2 0.851953125 0.505078125 0.01796875 0.01015625