2 0.40625 0.32734375 0.01796875 0.021875
2 0.51953125 0.25078125 0.01953125 0.02109375
2 0.2703125 0.30546875 0.028125 0.028125
2 0.17734375 0.29453125 0.01796875 0.0171875
2 0.12421875 0.26953125 0.0171875 0.01796875
2 0.22734375 0.25703125 0.0265625 0.03046875
2 0.08984375 0.13359375 0.03359375 0.0328125
2 0.19375 0.10625 0.06328125 0.078125
2 0.2890625 0.21796875 0.015625 0.01953125
2 0.37578125 0.2015625 0.021875 0.025
2 0.3375 0.1296875 0.02265625 0.02734375
2 0.3203125 0.06796875 0.01796875 0.015625
2 0.453125 0.14453125 0.01953125 0.0203125
2 0.42109375 0.07421875 0.01875 0.01640625
2 0.49375 0.09296875 0.01640625 0.0171875
2 0.56484375 0.17734375 0.01953125 0.01796875
2 0.6515625 0.140625 0.025 0.028125
0 0.98046875 0.3453125 0.02578125 0.0265625
0 0.92578125 0.347265625 0.05 0.02421875
0 0.80078125 0.338671875 0.040625 0.04140625
0 0.988671875 0.247265625 0.02265625 0.03203125
0 0.91328125 0.1921875 0.02734375 0.02421875
0 0.83046875 0.13984375 0.0171875 0.0296875
0 0.86171875 0.053125 0.015625 0.02421875
0 0.7625 0.025 0.0484375 0.05
0 0.833203125 0.010546875 0.02734375 0.02109375
0 0.9234375 0.00703125 0.0265625 0.0140625
0 0.7390625 0.00625 0.01875 0.0125
0 0.878515625 0.00703125 0.03828125 0.0140625
0 0.98984375 0.007421875 0.0203125 0.01484375
0 0.9078125 0.012890625 0.05 0.02578125
0 0.772265625 0.005078125 0.02578125 0.01015625
0 0.948046875 0.009375 0.05078125 0.01875
0 0.53984375 0.93203125 0.04765625 0.03125
0 0.3453125 0.9484375 0.034375 0.0359375
0 0.5890625 0.8609375 0.040625 0.040625
0 0.42421875 0.82265625 0.02734375 0.02265625
0 0.23671875 0.896875 0.0421875 0.034375
0 0.12265625 0.95 0.0265625 0.03046875
0 0.11953125 0.83203125 0.03046875 0.03046875
0 0.1484375 0.684375 0.05 0.04296875
0 0.28671875 0.7140625 0.0203125 0.0234375
0 0.23203125 0.62265625 0.025 0.025
0 0.38515625 0.74921875 0.0234375 0.01796875
0 0.471875 0.6390625 0.02265625 0.01953125
0 0.515625 0.64921875 0.0265625 0.0234375
0 0.53125 0.56953125 0.03125 0.0296875
0 0.5015625 0.4890625 0.0484375 0.04296875
0 0.37734375 0.56484375 0.03125 0.025
0 0.328125 0.51875 0.01796875 0.0203125
0 0.7046875 0.46953125 0.03125 0.03359375
0 0.53984375 0.38984375 0.02890625 0.028125
0 0.608203125 0.3671875 0.03359375 0.015625
0 0.4625 0.366796875 0.0265625 0.01484375
0 0.38671875 0.376953125 0.034375 0.03515625
0 0.23125 0.428125 0.0328125 0.0296875
0 0.17265625 0.40546875 0.021875 0.0234375
0 0.215234375 0.369140625 0.04140625 0.01953125
0 0.1515625 0.5390625 0.03046875 0.03359375
0 0.079296875 0.36796875 0.01484375 0.0171875
0 0.108203125 0.36796875 0.04296875 0.0171875
0 0.359765625 0.366015625 0.03359375 0.01328125
0 0.281640625 0.364453125 0.02578125 0.01015625
0 0.56484375 0.365234375 0.01875 0.01171875
3 0.99140625 0.97578125 0.0171875 0.0390625
3 0.75234375 0.9703125 0.03359375 0.03515625
3 0.771875 0.86953125 0.0296875 0.03203125
3 0.7375 0.8796875 0.015625 0.03125
3 0.85859375 0.85546875 0.02734375 0.02578125
3 0.7390625 0.96640625 0.01875 0.0359375
3 0.733203125 0.9625 0.00703125 0.0203125
3 0.7421875 0.851953125 0.025 0.04765625
3 0.73515625 0.80390625 0.0109375 0.0234375
3 0.8421875 0.80390625 0.0171875 0.0140625
3 0.8734375 0.78046875 0.0203125 0.02265625
3 0.993359375 0.739453125 0.01328125 0.02421875
3 0.91328125 0.72421875 0.0328125 0.0390625
3 0.87265625 0.70859375 0.02578125 0.02578125
3 0.740234375 0.702734375 0.02109375 0.03828125
3 0.86953125 0.61171875 0.01796875 0.0171875
3 0.76640625 0.5984375 0.0203125 0.0203125
3 0.73515625 0.61171875 0.0109375 0.021875
3 0.7390625 0.62578125 0.01875 0.040625
3 0.737109375 0.725390625 0.01484375 0.03046875
3 0.736328125 0.654296875 0.01328125 0.03359375
3 0.740625 0.5375 0.021875 0.05
3 0.734375 0.49609375 0.009375 0.0203125
3 0.73828125 0.50390625 0.0171875 0.0359375
3 0.7390625 0.487890625 0.01875 0.03359375
3 0.734375 0.401953125 0.009375 0.01796875
3 0.733984375 0.364453125 0.00859375 0.01015625
3 0.738671875 0.3828125 0.01796875 0.034375
3 0.89921875 0.50703125 0.01484375 0.0203125
3 0.994140625 0.393359375 0.01171875 0.03828125
3 0.93671875 0.38671875 0.01953125 0.021875
3 0.8453125 0.36953125 0.0171875 0.01953125
3 0.87265625 0.363671875 0.0125 0.00859375
3 0.776953125 0.369921875 0.03984375 0.02109375
3 0.737109375 0.367578125 0.01484375 0.01640625
3 0.758203125 0.36953125 0.04140625 0.0203125
3 0.735546875 0.36640625 0.01171875 0.0140625
3 0.735546875 0.366796875 0.01171875 0.01484375
3 0.741015625 0.3703125 0.02265625 0.021875
3 0.737109375 0.36796875 0.01484375 0.0171875
3 0.738671875 0.36875 0.01796875 0.01875
3 0.91796875 0.365234375 0.0234375 0.01171875
3 0.8484375 0.369921875 0.040625 0.02109375
3 0.784375 0.367578125 0.0296875 0.01640625