2 0.497265625 0.15078125 0.00546875 0.021875
2 0.481640625 0.005078125 0.02421875 0.01015625
2 0.48984375 0.004296875 0.015625 0.00859375
2 0.426171875 0.003515625 0.01640625 0.00703125
2 0.40546875 0.07421875 0.02109375 0.0140625
2 0.448828125 0.003125 0.01796875 0.00625
2 0.46171875 0.004296875 0.01875 0.00859375
2 0.462890625 0.005859375 0.01953125 0.01171875
2 0.351953125 0.00390625 0.01953125 0.0078125
2 0.380078125 0.004296875 0.01953125 0.00859375
2 0.37890625 0.00546875 0.0265625 0.0109375
2 0.432421875 0.00390625 0.01953125 0.0078125
2 0.353125 0.005078125 0.01875 0.01015625
2 0.3140625 0.004296875 0.0171875 0.00859375
2 0.307421875 0.003515625 0.01640625 0.00703125
2 0.276171875 0.00546875 0.02265625 0.0109375
2 0.271875 0.00390625 0.015625 0.0078125
2 0.31171875 0.00703125 0.025 0.0140625
2 0.257421875 0.003515625 0.01640625 0.00703125
2 0.214453125 0.0046875 0.02265625 0.009375
2 0.208984375 0.00390625 0.01796875 0.0078125
2 0.31640625 0.0609375 0.0203125 0.01875
2 0.24140625 0.1703125 0.0296875 0.034375
2 0.19921875 0.18359375 0.01484375 0.0203125
2 0.1359375 0.22421875 0.02890625 0.02109375
2 0.08984375 0.2 0.01875 0.02109375
2 0.224609375 0.00546875 0.02421875 0.0109375
2 0.19375 0.02265625 0.02890625 0.03046875
2 0.1609375 0.0046875 0.0171875 0.009375
2 0.12265625 0.0359375 0.0328125 0.03046875
2 0.10859375 0.005859375 0.0234375 0.01171875
2 0.084765625 0.006640625 0.03515625 0.01328125
2 0.02265625 0.004296875 0.021875 0.00859375
2 0.005078125 0.057421875 0.01015625 0.01953125
2 0.007421875 0.00703125 0.01484375 0.0140625
2 0.1703125 0.00390625 0.01875 0.0078125
2 0.131640625 0.005859375 0.02421875 0.01171875
2 0.146875 0.00859375 0.0359375 0.0171875
2 0.098828125 0.00625 0.01640625 0.0125
2 0.101953125 0.00390625 0.02578125 0.0078125
2 0.004296875 0.004296875 0.00859375 0.00859375
2 0.004296875 0.004296875 0.00859375 0.00859375
2 0.007421875 0.006640625 0.01484375 0.01328125
2 0.008203125 0.008203125 0.01640625 0.01640625
2 0.01953125 0.015625 0.0390625 0.03125
2 0.0046875 0.00390625 0.009375 0.0078125
2 0.00625 0.00546875 0.0125 0.0109375
2 0.006640625 0.00546875 0.01328125 0.0109375
2 0.00390625 0.004296875 0.0078125 0.00859375
2 0.005078125 0.0046875 0.01015625 0.009375
2 0.00390625 0.0046875 0.0078125 0.009375
2 0.004296875 0.031640625 0.00859375 0.01640625
2 0.004296875 0.102734375 0.00859375 0.01953125
2 0.00703125 0.18984375 0.0140625 0.025
1 0.9796875 0.18984375 0.01796875 0.02421875
1 0.90390625 0.221875 0.02578125 0.02890625
1 0.8953125 0.13828125 0.0296875 0.01640625
1 0.84609375 0.36171875 0.02265625 0.01875
1 0.7953125 0.25078125 0.0171875 0.03984375
1 0.58515625 0.30859375 0.03203125 0.02734375
1 0.50625 0.262890625 0.0125 0.02265625
1 0.50625 0.137109375 0.0125 0.01484375
1 0.575 0.40546875 0.025 0.0078125
1 0.5109375 0.384375 0.021875 0.021875
1 0.51015625 0.29296875 0.0203125 0.0296875
1 0.505859375 0.206640625 0.01171875 0.02109375
1 0.50625 0.1609375 0.0125 0.021875
1 0.505859375 0.355078125 0.01171875 0.01640625
1 0.7234375 0.13515625 0.01328125 0.009375
3 0.4734375 0.48828125 0.046875 0.04140625
3 0.463671875 0.419140625 0.04296875 0.01953125
3 0.490234375 0.63515625 0.01953125 0.0375
3 0.4625 0.8 0.034375 0.03359375
3 0.290625 0.89453125 0.040625 0.02109375
3 0.275 0.84296875 0.0421875 0.04375
3 0.2078125 0.58828125 0.04765625 0.046875
3 0.31953125 0.46015625 0.04375 0.040625
3 0.276953125 0.418359375 0.03359375 0.01796875
3 0.257421875 0.41875 0.04140625 0.01875
3 0.14921875 0.5296875 0.02421875 0.025
3 0.144140625 0.4203125 0.04609375 0.021875
3 0.03984375 0.48203125 0.0328125 0.03203125
3 0.12734375 0.72265625 0.04140625 0.03828125
3 0.13046875 0.8703125 0.034375 0.034375
0 0.978125 0.5125 0.04375 0.0359375
0 0.89140625 0.6359375 0.03828125 0.046875
0 0.9 0.5203125 0.0421875 0.03828125
0 0.92578125 0.4265625 0.059375 0.034375
0 0.8234375 0.4515625 0.0421875 0.04296875
0 0.82734375 0.52734375 0.0296875 0.02734375
0 0.81953125 0.62734375 0.04140625 0.034375
0 0.994140625 0.940625 0.01171875 0.034375
0 0.88359375 0.96015625 0.0359375 0.03203125
0 0.9109375 0.83828125 0.03515625 0.0328125
0 0.7046875 0.81875 0.03125 0.0359375
0 0.68359375 0.753125 0.04609375 0.03828125
0 0.73125 0.64140625 0.0359375 0.03203125
0 0.62578125 0.7 0.02734375 0.0296875
0 0.734375 0.5234375 0.03125 0.0296875
0 0.7 0.41953125 0.034375 0.0203125
0 0.58359375 0.58203125 0.034375 0.040625
0 0.51328125 0.490625 0.0265625 0.028125
0 0.521875 0.416796875 0.034375 0.01484375
0 0.50625 0.5125 0.0125 0.021875
0 0.553125 0.65546875 0.02734375 0.0203125
0 0.507421875 0.646484375 0.01484375 0.04453125
0 0.517578125 0.79140625 0.03515625 0.0453125
0 0.506640625 0.776953125 0.01328125 0.02578125
0 0.50390625 0.8828125 0.0078125 0.025
0 0.58203125 0.89609375 0.03125 0.02734375