2 0.02890625 0.09921875 0.034375 0.03046875
2 0.0046875 0.175390625 0.009375 0.01796875
2 0.005859375 0.1484375 0.01171875 0.025
2 0.0421875 0.008203125 0.0265625 0.01640625
2 0.10703125 0.004296875 0.0171875 0.00859375
2 0.136328125 0.00703125 0.01796875 0.0140625
2 0.13359375 0.053125 0.01875 0.02421875
2 0.11953125 0.21953125 0.02265625 0.02421875
2 0.05703125 0.1609375 0.01953125 0.01328125
2 0.04453125 0.34296875 0.01875 0.015625
2 0.109375 0.38125 0.0421875 0.02265625
2 0.1359375 0.24453125 0.0140625 0.0140625
2 0.16484375 0.13359375 0.02109375 0.01640625
2 0.1828125 0.25703125 0.0265625 0.021875
2 0.171875 0.35078125 0.0234375 0.01953125
2 0.16875 0.40859375 0.0390625 0.03671875
2 0.216796875 0.00390625 0.01953125 0.0078125
2 0.21796875 0.02734375 0.02421875 0.02109375
2 0.285546875 0.00703125 0.02421875 0.0140625
2 0.24453125 0.11171875 0.01953125 0.01953125
2 0.28359375 0.1265625 0.0171875 0.01875
2 0.28046875 0.24453125 0.04296875 0.034375
2 0.30859375 0.30546875 0.0234375 0.02421875
2 0.338671875 0.003125 0.01640625 0.00625
2 0.387890625 0.00390625 0.01796875 0.0078125
2 0.3828125 0.0578125 0.02109375 0.01953125
2 0.37421875 0.2890625 0.0203125 0.0203125
2 0.38828125 0.26328125 0.0265625 0.02265625
2 0.35703125 0.35546875 0.0203125 0.01875
2 0.2859375 0.43203125 0.03125 0.02421875
2 0.378125 0.446875 0.0203125 0.01953125
2 0.4328125 0.38828125 0.0296875 0.0296875
2 0.4828125 0.44375 0.028125 0.0234375
2 0.44921875 0.30234375 0.01796875 0.01875
2 0.4484375 0.23359375 0.02109375 0.01953125
2 0.45078125 0.11640625 0.03359375 0.034375
2 0.465625 0.05859375 0.0234375 0.0234375
2 0.49765625 0.1078125 0.0171875 0.02421875
2 0.49375 0.203125 0.02734375 0.02109375
2 0.5328125 0.3015625 0.0171875 0.0140625
2 0.553515625 0.293359375 0.00703125 0.01484375
2 0.55703125 0.135546875 0.0140625 0.02734375
2 0.555859375 0.1171875 0.01171875 0.021875
2 0.554296875 0.3734375 0.00859375 0.015625
2 0.55703125 0.459765625 0.0140625 0.01953125
2 0.56328125 0.29921875 0.02421875 0.02109375
2 0.556640625 0.40390625 0.01328125 0.0171875
2 0.61875 0.2859375 0.01640625 0.01484375
2 0.63984375 0.19375 0.02109375 0.0140625
2 0.59609375 0.3609375 0.01796875 0.01328125
2 0.58359375 0.461328125 0.01875 0.01640625
2 0.69296875 0.33125 0.01953125 0.01640625
2 0.66484375 0.42265625 0.01953125 0.01796875
2 0.7375 0.3265625 0.01640625 0.01484375
2 0.76875 0.2875 0.02265625 0.02265625
2 0.7734375 0.33984375 0.015625 0.01640625
2 0.73359375 0.43125 0.025 0.02890625
2 0.7875 0.42109375 0.01640625 0.01484375
2 0.8359375 0.4515625 0.01796875 0.015625
2 0.72890625 0.20703125 0.0203125 0.01875
2 0.80390625 0.09765625 0.0296875 0.034375
2 0.84609375 0.084375 0.01484375 0.0203125
2 0.909375 0.04375 0.02890625 0.02109375
2 0.95546875 0.06796875 0.01875 0.02109375
2 0.8203125 0.2859375 0.02421875 0.02265625
2 0.8515625 0.2453125 0.02890625 0.03046875
2 0.884375 0.27265625 0.0171875 0.01875
2 0.92265625 0.23203125 0.0328125 0.03046875
2 0.93671875 0.36875 0.0234375 0.02421875
2 0.96015625 0.3015625 0.03515625 0.0265625
2 0.875 0.464453125 0.01875 0.01015625
2 0.025 0.5828125 0.05 0.0703125
2 0.00625 0.7640625 0.0125 0.0203125
2 0.0046875 0.6828125 0.009375 0.0171875
2 0.009765625 0.70078125 0.01953125 0.03125
2 0.005859375 0.769921875 0.01171875 0.02265625
2 0.008203125 0.853515625 0.01640625 0.03046875
2 0.008984375 0.837109375 0.01796875 0.03671875
2 0.0078125 0.96328125 0.015625 0.028125
2 0.06328125 0.73671875 0.0375 0.03515625
2 0.0625 0.93984375 0.0359375 0.03046875
2 0.22421875 0.684375 0.03203125 0.02734375
2 0.26015625 0.82421875 0.025 0.02265625
2 0.19921875 0.93671875 0.02734375 0.05078125
2 0.3890625 0.65 0.0234375 0.02109375
2 0.471875 0.784375 0.09140625 0.11484375
2 0.52890625 0.63203125 0.03046875 0.03828125
2 0.54609375 0.948046875 0.0078125 0.02734375
2 0.575 0.546875 0.05 0.0703125
2 0.55625 0.728125 0.0125 0.0203125
2 0.5546875 0.646875 0.009375 0.0171875
2 0.559765625 0.66484375 0.01953125 0.03125
2 0.555859375 0.733984375 0.01171875 0.02265625
2 0.558203125 0.817578125 0.01640625 0.03046875
2 0.558984375 0.801171875 0.01796875 0.03671875
2 0.5578125 0.92734375 0.015625 0.028125
2 0.67265625 0.70078125 0.0375 0.03515625
2 0.671875 0.90390625 0.0359375 0.03046875
2 0.6640625 0.97734375 0.0234375 0.01640625
2 0.83359375 0.6484375 0.03203125 0.02734375
2 0.86953125 0.78828125 0.025 0.02265625
2 0.80859375 0.90078125 0.02734375 0.05078125
2 0.959765625 0.989453125 0.06953125 0.02109375
2 0.993359375 0.613671875 0.01328125 0.02109375