2 0.3484375 0.125 0.03046875 0.034375
2 0.425 0.0734375 0.01796875 0.01953125
2 0.39765625 0.09296875 0.025 0.0234375
2 0.2546875 0.13828125 0.02265625 0.0265625
2 0.19765625 0.203125 0.0171875 0.0171875
2 0.2546875 0.2328125 0.01796875 0.01796875
2 0.30234375 0.2296875 0.02421875 0.01875
2 0.46875 0.215625 0.02421875 0.02265625
2 0.41015625 0.153125 0.01328125 0.01953125
2 0.5921875 0.140625 0.015625 0.01875
2 0.63046875 0.20546875 0.02265625 0.0421875
2 0.49375 0.23203125 0.0140625 0.0140625
2 0.3828125 0.2609375 0.01640625 0.02109375
2 0.50625 0.27890625 0.021875 0.0265625
2 0.6 0.26796875 0.01953125 0.0234375
2 0.6578125 0.26484375 0.03671875 0.0390625
2 0.74453125 0.31640625 0.025 0.025
2 0.7796875 0.33984375 0.01953125 0.01875
2 0.2171875 0.31328125 0.01640625 0.01953125
2 0.2765625 0.3140625 0.02109375 0.02421875
2 0.2265625 0.38203125 0.028125 0.02421875
2 0.3609375 0.340625 0.01953125 0.01953125
2 0.37578125 0.3796875 0.01875 0.0171875
2 0.49375 0.3765625 0.034375 0.04296875
2 0.5546875 0.4046875 0.02421875 0.0234375
2 0.215625 0.43515625 0.01328125 0.01640625
2 0.246875 0.484375 0.01640625 0.01796875
2 0.30703125 0.47890625 0.01953125 0.02109375
2 0.53828125 0.4703125 0.0203125 0.0203125
2 0.5125 0.484375 0.02265625 0.0265625
2 0.6046875 0.453125 0.01875 0.0203125
2 0.68125 0.38203125 0.02421875 0.03125
2 0.75625 0.440625 0.02421875 0.0296875
2 0.69609375 0.47421875 0.01953125 0.0203125
2 0.7453125 0.48828125 0.01796875 0.0203125
2 0.6375 0.52890625 0.0296875 0.0296875
2 0.69296875 0.57890625 0.0234375 0.028125
2 0.5515625 0.5453125 0.01875 0.01796875
2 0.4828125 0.54453125 0.01953125 0.02109375
2 0.365625 0.546875 0.034375 0.03359375
2 0.3078125 0.56171875 0.0234375 0.0234375
2 0.35703125 0.59375 0.02421875 0.0171875
2 0.45234375 0.58984375 0.02109375 0.02734375
2 0.55078125 0.62890625 0.0140625 0.0171875
2 0.25390625 0.69296875 0.02734375 0.028125
2 0.23515625 0.78046875 0.01640625 0.01875
2 0.29765625 0.74140625 0.02890625 0.03203125
2 0.34765625 0.703125 0.01796875 0.0171875
2 0.4 0.728125 0.01796875 0.01953125
2 0.4796875 0.69140625 0.01953125 0.0203125
2 0.546875 0.70390625 0.0171875 0.01875
2 0.60078125 0.70390625 0.01875 0.025
2 0.64140625 0.71640625 0.021875 0.0234375
2 0.68671875 0.7515625 0.01640625 0.01953125
2 0.52109375 0.78984375 0.01796875 0.0203125
2 0.7265625 0.696875 0.034375 0.02890625
2 0.7390625 0.74375 0.01796875 0.01796875
2 0.59609375 0.86171875 0.0203125 0.0234375
2 0.58203125 0.79140625 0.0234375 0.02890625
2 0.434375 0.8625 0.03359375 0.0328125
2 0.1859375 0.8703125 0.02421875 0.0265625
2 0.203125 0.93125 0.015625 0.01640625
2 0.66015625 0.9625 0.0234375 0.02734375
2 0.33046875 0.8921875 0.0640625 0.078125