2 0.21953125 0.38125 0.034375 0.03046875
2 0.27109375 0.3046875 0.01953125 0.01796875
2 0.2515625 0.33203125 0.0234375 0.025
2 0.20625 0.475 0.0265625 0.02265625
2 0.14140625 0.5265625 0.0171875 0.00625
2 0.11171875 0.475 0.01796875 0.01796875
2 0.11484375 0.42734375 0.01875 0.02421875
2 0.12890625 0.2609375 0.02265625 0.02421875
2 0.19140625 0.31953125 0.01953125 0.01328125
2 0.20390625 0.1375 0.01875 0.015625
2 0.1390625 0.09921875 0.0421875 0.02265625
2 0.1125 0.2359375 0.0140625 0.0140625
2 0.08359375 0.346875 0.02109375 0.01640625
2 0.065625 0.2234375 0.0265625 0.021875
2 0.0765625 0.1296875 0.0234375 0.01953125
2 0.0796875 0.071875 0.0390625 0.03671875
2 0.028125 0.00625 0.025 0.0125
2 0.00703125 0.0046875 0.0140625 0.009375
2 0.03125 0.5125 0.01953125 0.01640625
2 0.03046875 0.453125 0.02421875 0.02109375
2 0.005859375 0.503125 0.01171875 0.028125
2 0.006640625 0.368359375 0.01328125 0.01953125
2 0.004296875 0.35390625 0.00859375 0.01875
2 0.010546875 0.2359375 0.02109375 0.034375
2 0.005859375 0.174609375 0.01171875 0.02421875
2 0.00390625 0.513671875 0.0078125 0.01328125
2 0.004296875 0.482421875 0.00859375 0.01640625
2 0.005078125 0.422265625 0.01015625 0.01953125
2 0.005078125 0.19140625 0.01015625 0.0203125
2 0.006640625 0.216796875 0.01328125 0.02265625
2 0.005078125 0.125 0.01015625 0.01875
2 0.0078125 0.048046875 0.015625 0.02421875
2 0.007421875 0.005859375 0.01484375 0.01171875
2 0.005078125 0.033203125 0.01015625 0.01953125
2 0.005078125 0.004296875 0.01015625 0.00859375
2 0.007421875 0.0921875 0.01484375 0.0296875
2 0.00703125 0.03671875 0.0140625 0.0234375
2 0.004296875 0.178125 0.00859375 0.01875
2 0.005078125 0.246484375 0.01015625 0.01953125
2 0.008203125 0.3640625 0.01640625 0.034375
2 0.005859375 0.421875 0.01171875 0.0234375
2 0.004296875 0.372265625 0.00859375 0.02421875
2 0.006640625 0.276953125 0.01328125 0.02109375
2 0.004296875 0.17890625 0.00859375 0.0140625
2 0.00703125 0.475390625 0.0140625 0.02734375
2 0.0046875 0.494140625 0.009375 0.01640625
2 0.0078125 0.431640625 0.015625 0.02890625
2 0.004296875 0.381640625 0.00859375 0.01796875
2 0.0046875 0.329296875 0.009375 0.01796875
2 0.005078125 0.249609375 0.01015625 0.01953125
2 0.0046875 0.1828125 0.009375 0.0171875
2 0.00625 0.12890625 0.0125 0.01875
2 0.005859375 0.08828125 0.01171875 0.021875
2 0.0046875 0.042578125 0.009375 0.01640625
2 0.005078125 0.208203125 0.01015625 0.01796875
2 0.00703125 0.01015625 0.0140625 0.0203125
2 0.004296875 0.004296875 0.00859375 0.00859375
2 0.005859375 0.13359375 0.01171875 0.0203125
2 0.00703125 0.14765625 0.0140625 0.0234375
2 0.008203125 0.294921875 0.01640625 0.03359375
2 0.00390625 0.52421875 0.0078125 0.0109375
2 0.006640625 0.06953125 0.01328125 0.0234375
2 0.01953125 0.39921875 0.0390625 0.0640625
0 0.91640625 0.50859375 0.03203125 0.0265625
0 0.91875 0.37890625 0.02578125 0.03203125
0 0.83671875 0.4421875 0.021875 0.02109375
0 0.9953125 0.3328125 0.009375 0.0203125
0 0.9609375 0.321875 0.01953125 0.02890625
0 0.8234375 0.34375 0.0296875 0.02578125
0 0.82421875 0.2890625 0.01796875 0.01484375
0 0.79140625 0.215625 0.02109375 0.0265625
0 0.78671875 0.1625 0.0265625 0.034375
0 0.71328125 0.146875 0.02265625 0.02265625
0 0.7109375 0.2390625 0.03671875 0.0234375
0 0.71640625 0.3390625 0.03828125 0.0234375
0 0.66640625 0.29140625 0.0296875 0.02265625
0 0.57265625 0.23828125 0.0265625 0.0203125
0 0.690625 0.375 0.03359375 0.02265625
0 0.71875 0.43359375 0.03046875 0.04609375
0 0.725 0.509375 0.0203125 0.02734375
0 0.63125 0.4328125 0.0265625 0.02265625
0 0.60703125 0.4203125 0.02734375 0.025
0 0.54453125 0.4875 0.0296875 0.0328125
0 0.4515625 0.44453125 0.01640625 0.01796875
0 0.440625 0.434375 0.0203125 0.01875
0 0.4984375 0.3125 0.02578125 0.0203125
0 0.496875 0.17265625 0.04765625 0.04296875
0 0.409375 0.25234375 0.0265625 0.02265625
0 0.326953125 0.140234375 0.01484375 0.02421875
0 0.37890625 0.41171875 0.028125 0.0296875
0 0.325 0.328515625 0.0109375 0.02109375
0 0.3265625 0.420703125 0.0140625 0.02890625
0 0.326171875 0.473828125 0.01328125 0.02265625
0 0.32734375 0.235546875 0.015625 0.02421875
0 0.332421875 0.3078125 0.02578125 0.0625
0 0.326171875 0.403515625 0.01328125 0.01953125
0 0.325 0.472265625 0.0109375 0.02734375
0 0.326171875 0.310546875 0.01328125 0.02265625
1 0.316015625 0.76953125 0.00703125 0.01875
1 0.312109375 0.712890625 0.01484375 0.01640625
1 0.302734375 0.56796875 0.03359375 0.0765625
1 0.228515625 0.5328125 0.01796875 0.00625
1 0.1671875 0.5890625 0.01484375 0.03203125
1 0.11015625 0.58203125 0.02421875 0.02421875
1 0.209375 0.63125 0.03046875 0.01328125
1 0.13671875 0.7140625 0.0890625 0.1828125
1 0.2 0.77890625 0.01875 0.01796875
1 0.18125 0.85703125 0.028125 0.0296875
1 0.13515625 0.89921875 0.021875 0.03515625
1 0.09921875 0.8625 0.01796875 0.0265625
1 0.133984375 0.990625 0.02734375 0.01875
1 0.2 0.9453125 0.05703125 0.0421875
1 0.25703125 0.99375 0.0484375 0.0125
1 0.315234375 0.890625 0.00859375 0.0125
1 0.27578125 0.88203125 0.0140625 0.01328125
1 0.034375 0.9328125 0.0234375 0.0203125
1 0.005078125 0.905078125 0.01015625 0.01796875
1 0.019140625 0.83125 0.03828125 0.06875
1 0.01953125 0.7859375 0.0390625 0.0390625
1 0.00625 0.728125 0.0125 0.0234375
1 0.00546875 0.71796875 0.0109375 0.0234375
1 0.008203125 0.696484375 0.01640625 0.02421875
1 0.0265625 0.57578125 0.0328125 0.03125
1 0.004296875 0.61796875 0.00859375 0.015625
1 0.007421875 0.533984375 0.01484375 0.00859375
0 0.921875 0.88359375 0.08984375 0.0921875
0 0.8765625 0.9859375 0.0609375 0.028125
0 0.9796875 0.7734375 0.03671875 0.04375
0 0.98359375 0.544140625 0.0328125 0.02890625
0 0.9140625 0.67109375 0.0484375 0.053125
0 0.84921875 0.815625 0.03984375 0.0328125
0 0.8109375 0.76640625 0.0234375 0.02421875
0 0.82578125 0.5390625 0.040625 0.01875
0 0.7734375 0.9734375 0.05 0.04296875
0 0.759375 0.8359375 0.03046875 0.028125
0 0.7171875 0.86015625 0.03046875 0.0328125
0 0.7453125 0.55859375 0.028125 0.02109375
0 0.687890625 0.54296875 0.03828125 0.0265625
0 0.68203125 0.7125 0.0296875 0.05625
0 0.58671875 0.7140625 0.05625 0.04296875
0 0.6328125 0.57421875 0.03515625 0.03125
0 0.565234375 0.5375 0.05078125 0.015625
0 0.532421875 0.541796875 0.03203125 0.02421875
0 0.59921875 0.85078125 0.02109375 0.02734375
0 0.5359375 0.8578125 0.05546875 0.0390625
0 0.5078125 0.921875 0.0375 0.0359375
0 0.4921875 0.7625 0.05078125 0.04296875
0 0.4328125 0.6125 0.046875 0.05859375
0 0.43203125 0.8296875 0.03046875 0.04140625
0 0.44453125 0.9640625 0.04765625 0.034375
0 0.373828125 0.991015625 0.02578125 0.01796875
0 0.37890625 0.95 0.02578125 0.0234375
0 0.39765625 0.86796875 0.0296875 0.03359375
0 0.40859375 0.74921875 0.03671875 0.03046875
0 0.3796875 0.6453125 0.03203125 0.03046875
0 0.36015625 0.5375 0.028125 0.015625
0 0.33359375 0.84765625 0.028125 0.040625
0 0.332421875 0.776171875 0.02578125 0.03671875
0 0.324609375 0.73046875 0.01015625 0.0234375
0 0.330078125 0.6609375 0.02109375 0.03125
0 0.326953125 0.581640625 0.01484375 0.02265625
0 0.327734375 0.53515625 0.01640625 0.0109375