2 0.4640625 0.0578125 0.01484375 0.0140625
2 0.30625 0.1171875 0.02734375 0.02890625
2 0.2875 0.17109375 0.021875 0.0234375
2 0.54375 0.13046875 0.015625 0.0171875
2 0.63203125 0.12265625 0.02265625 0.028125
2 0.72578125 0.10859375 0.03125 0.0359375
2 0.46953125 0.1953125 0.02109375 0.02421875
2 0.57421875 0.1875 0.0171875 0.015625
2 0.45625 0.25078125 0.01484375 0.01640625
2 0.3640625 0.271875 0.0140625 0.02109375
2 0.53125 0.228125 0.01328125 0.01796875
2 0.63203125 0.215625 0.0171875 0.01875
2 0.6796875 0.2140625 0.02421875 0.01953125
2 0.5015625 0.325 0.01640625 0.01953125
2 0.59296875 0.296875 0.01796875 0.01953125
2 0.65234375 0.2984375 0.021875 0.0265625
2 0.803125 0.05625 0.01796875 0.0203125
2 0.77578125 0.075 0.02578125 0.021875
2 0.7875 0.1359375 0.01484375 0.01875
2 0.759375 0.24453125 0.015625 0.01953125
2 0.73671875 0.32421875 0.0203125 0.01875
2 0.7515625 0.36328125 0.01796875 0.0171875
2 0.496875 0.36953125 0.01484375 0.01640625
2 0.4578125 0.40078125 0.02265625 0.02265625
2 0.51015625 0.40546875 0.01640625 0.015625
2 0.6015625 0.365625 0.02890625 0.025
2 0.59140625 0.41953125 0.01484375 0.01640625
2 0.68203125 0.4625 0.01953125 0.02265625
2 0.621875 0.46796875 0.015625 0.01796875
2 0.37734375 0.3609375 0.01875 0.0203125
2 0.26796875 0.4359375 0.034375 0.0296875
2 0.2546875 0.478125 0.0203125 0.01484375
2 0.2140625 0.54140625 0.02109375 0.02890625
2 0.23828125 0.5875 0.02109375 0.01875
2 0.45625 0.45234375 0.02265625 0.02421875
2 0.415625 0.48359375 0.03046875 0.02890625
2 0.44296875 0.51640625 0.01875 0.0171875
2 0.40234375 0.5546875 0.03046875 0.0328125
2 0.5390625 0.56875 0.02421875 0.0234375
2 0.471875 0.5921875 0.0265625 0.03515625
2 0.49375 0.6546875 0.01796875 0.021875
2 0.38046875 0.73125 0.01953125 0.02109375
2 0.6296875 0.6765625 0.028125 0.028125
2 0.6375 0.50703125 0.015625 0.01875
2 0.68203125 0.5453125 0.02421875 0.02421875
2 0.740625 0.53046875 0.03515625 0.0359375
2 0.73203125 0.578125 0.02578125 0.01640625
2 0.825 0.575 0.01640625 0.02578125
2 0.72265625 0.6875 0.01796875 0.0171875
2 0.77578125 0.7125 0.0171875 0.01796875
2 0.67265625 0.725 0.0265625 0.03046875
2 0.81015625 0.8484375 0.03359375 0.0328125
2 0.70625 0.87578125 0.06328125 0.078125
2 0.6109375 0.7640625 0.015625 0.01953125
2 0.52421875 0.78046875 0.021875 0.025
2 0.5625 0.85234375 0.02265625 0.02734375
2 0.5796875 0.9140625 0.01796875 0.015625
2 0.446875 0.8375 0.01953125 0.0203125
2 0.47890625 0.9078125 0.01875 0.01640625
2 0.40625 0.8890625 0.01640625 0.0171875
2 0.33515625 0.8046875 0.01953125 0.01796875
2 0.2484375 0.84140625 0.025 0.028125