2 0.0125 0.323828125 0.025 0.02578125
2 0.006640625 0.17421875 0.01328125 0.0234375
2 0.005078125 0.056640625 0.01015625 0.01484375
2 0.003515625 0.003515625 0.00703125 0.00703125
2 0.0078125 0.071484375 0.015625 0.03203125
2 0.00390625 0.0125 0.0078125 0.015625
2 0.005078125 0.00546875 0.01015625 0.0109375
2 0.006640625 0.275390625 0.01328125 0.02734375
2 0.01484375 0.254296875 0.0296875 0.03359375
2 0.0046875 0.119921875 0.009375 0.01796875
2 0.01328125 0.0984375 0.0265625 0.04375
2 0.021875 0.01875 0.03203125 0.028125
2 0.053515625 0.00703125 0.02578125 0.0140625
2 0.1390625 0.2203125 0.02421875 0.0234375
2 0.13515625 0.04453125 0.04453125 0.0421875
2 0.19609375 0.2890625 0.02265625 0.01875
2 0.25859375 0.336328125 0.0203125 0.00703125
2 0.246875 0.13046875 0.03046875 0.03203125
2 0.28359375 0.08515625 0.021875 0.021875
2 0.284375 0.02578125 0.0234375 0.02421875
2 0.246875 0.00546875 0.0171875 0.0109375
2 0.298828125 0.0046875 0.01953125 0.009375
2 0.33671875 0.009765625 0.05 0.01953125
2 0.41171875 0.006640625 0.01875 0.01328125
2 0.346875 0.2453125 0.02578125 0.02421875
2 0.38984375 0.26953125 0.04140625 0.03125
2 0.43515625 0.1078125 0.025 0.01796875
2 0.453125 0.190625 0.0421875 0.040625
2 0.473046875 0.044921875 0.01328125 0.03515625
2 0.5109375 0.08671875 0.034375 0.03046875
2 0.484375 0.009765625 0.009375 0.01796875
2 0.485546875 0.0375 0.01171875 0.025
2 0.52421875 0.18046875 0.0265625 0.02265625
2 0.5890625 0.2375 0.0171875 0.0171875
2 0.61875 0.18046875 0.01796875 0.01796875
2 0.615625 0.1328125 0.01875 0.02421875
2 0.601171875 0.005859375 0.02265625 0.01171875
2 0.5390625 0.025 0.01953125 0.01328125
2 0.5265625 0.00390625 0.01875 0.0078125
2 0.59140625 0.00546875 0.0421875 0.0109375
2 0.61796875 0.003515625 0.0140625 0.00703125
2 0.646875 0.05234375 0.02109375 0.01640625
2 0.66484375 0.00546875 0.0265625 0.0109375
2 0.65390625 0.0046875 0.0234375 0.009375
2 0.65078125 0.008984375 0.0390625 0.01796875
2 0.70234375 0.00625 0.025 0.0125
2 0.72578125 0.0046875 0.01875 0.009375
2 0.69921875 0.21796875 0.01953125 0.01640625
2 0.7 0.15859375 0.02421875 0.02109375
2 0.76796875 0.20859375 0.02421875 0.028125
2 0.7265625 0.07421875 0.01953125 0.01953125
2 0.765625 0.059375 0.0171875 0.01875
2 0.762109375 0.00859375 0.04296875 0.0171875
2 0.790625 0.005859375 0.0234375 0.01171875
2 0.82109375 0.21953125 0.01640625 0.01328125
2 0.8703125 0.18828125 0.01796875 0.01640625
2 0.86484375 0.128125 0.02109375 0.01953125
2 0.85625 0.005078125 0.0203125 0.01015625
2 0.8703125 0.00546875 0.0265625 0.0109375
2 0.8390625 0.0046875 0.0203125 0.009375
2 0.76796875 0.005859375 0.03125 0.01171875
2 0.8265625 0.005859375 0.0296875 0.01171875
2 0.86015625 0.0046875 0.0203125 0.009375
2 0.87421875 0.004296875 0.0203125 0.00859375
2 0.91484375 0.007421875 0.0296875 0.01484375
2 0.96484375 0.005859375 0.028125 0.01171875
2 0.930859375 0.0046875 0.01796875 0.009375
2 0.930078125 0.0046875 0.02109375 0.009375
2 0.9328125 0.06953125 0.03359375 0.034375
2 0.94765625 0.12734375 0.0234375 0.0234375
2 0.9796875 0.078125 0.0171875 0.02421875
2 0.975390625 0.005078125 0.02734375 0.01015625
0 0.00625 0.833203125 0.0125 0.02578125
0 0.02109375 0.73203125 0.0421875 0.06875
0 0.01171875 0.66015625 0.0234375 0.046875
0 0.005859375 0.798046875 0.01171875 0.03203125
0 0.01015625 0.5625 0.0203125 0.028125
0 0.007421875 0.5953125 0.01484375 0.0265625
0 0.007421875 0.637890625 0.01484375 0.02890625
0 0.00703125 0.503515625 0.0140625 0.03203125
0 0.009375 0.4796875 0.01875 0.028125
0 0.00859375 0.42265625 0.0171875 0.025
0 0.010546875 0.35 0.02109375 0.0203125
0 0.005859375 0.34609375 0.01171875 0.0125
0 0.008984375 0.34921875 0.01796875 0.01875
0 0.011328125 0.408203125 0.02265625 0.06484375
0 0.009765625 0.346484375 0.01953125 0.01328125
0 0.04296875 0.39765625 0.021875 0.02265625
0 0.012890625 0.49453125 0.02578125 0.03125
0 0.10390625 0.4109375 0.03125 0.028125
0 0.13515625 0.34765625 0.025 0.015625
0 0.10703125 0.5546875 0.03515625 0.04609375
0 0.03515625 0.61953125 0.03203125 0.03515625
0 0.015234375 0.70703125 0.03046875 0.05625
0 0.014453125 0.7828125 0.02890625 0.040625
0 0.07109375 0.7515625 0.04453125 0.03359375
0 0.103125 0.85859375 0.04609375 0.0453125
0 0.20078125 0.76484375 0.03671875 0.034375
0 0.175 0.66796875 0.0203125 0.021875
0 0.2609375 0.80390625 0.021875 0.02265625
0 0.30390625 0.84609375 0.0203125 0.0265625
0 0.30859375 0.796875 0.028125 0.028125
0 0.32890625 0.69921875 0.05859375 0.0734375
0 0.2109375 0.5125 0.03515625 0.0296875
0 0.21953125 0.45546875 0.03046875 0.03046875
0 0.20625 0.349609375 0.03125 0.01953125
0 0.312890625 0.346484375 0.03515625 0.01328125
0 0.32890625 0.4703125 0.0359375 0.0234375
0 0.38203125 0.44296875 0.03515625 0.0359375
0 0.430078125 0.346484375 0.02890625 0.01328125
0 0.46796875 0.387890625 0.0234375 0.03984375
0 0.467578125 0.533203125 0.02421875 0.02734375
0 0.44140625 0.6578125 0.034375 0.02890625
0 0.4875 0.86484375 0.015625 0.0296875
0 0.494921875 0.780078125 0.03046875 0.06484375
0 0.491015625 0.90703125 0.02265625 0.034375
0 0.485546875 0.710546875 0.01171875 0.02890625
0 0.4890625 0.61875 0.01875 0.034375
0 0.492578125 0.722265625 0.02578125 0.05234375
0 0.487109375 0.564453125 0.01484375 0.03359375
0 0.49375 0.55859375 0.028125 0.04375
0 0.487890625 0.44609375 0.01640625 0.028125
0 0.484765625 0.4609375 0.01015625 0.025
0 0.48671875 0.462109375 0.0140625 0.02578125
0 0.487109375 0.38203125 0.01484375 0.034375
0 0.487890625 0.346484375 0.01640625 0.01328125
0 0.4859375 0.344921875 0.0125 0.01015625
0 0.5234375 0.453125 0.0453125 0.0359375
0 0.4890625 0.63671875 0.01875 0.028125
0 0.6109375 0.5765625 0.03828125 0.046875
0 0.60234375 0.4609375 0.0421875 0.03828125
0 0.5765625 0.3578125 0.059375 0.0359375
0 0.67890625 0.3921875 0.0421875 0.04296875
0 0.675 0.46796875 0.0296875 0.02734375
0 0.6828125 0.56796875 0.04140625 0.034375
0 0.5 0.88125 0.02734375 0.034375
0 0.61875 0.90078125 0.0359375 0.03203125
0 0.59140625 0.77890625 0.03515625 0.0328125
0 0.79765625 0.759375 0.03125 0.0359375
0 0.81875 0.69375 0.04609375 0.03828125
0 0.77109375 0.58203125 0.0359375 0.03203125
0 0.8765625 0.640625 0.02734375 0.0296875
0 0.76796875 0.4640625 0.03125 0.0296875
0 0.80234375 0.35 0.034375 0.0203125
0 0.91875 0.52265625 0.034375 0.040625
0 0.987890625 0.43125 0.02421875 0.028125
0 0.98046875 0.347265625 0.034375 0.01484375
0 0.94921875 0.59609375 0.02734375 0.0203125
0 0.983203125 0.73203125 0.03359375 0.0453125
0 0.9203125 0.83671875 0.03125 0.02734375