2 0.3328125 0.3421875 0.02421875 0.034375
2 0.39140625 0.05546875 0.02578125 0.05
2 0.35078125 0.084375 0.01484375 0.015625
2 0.54140625 0.06328125 0.0234375 0.0265625
2 0.65859375 0.04375 0.01484375 0.02109375
2 0.80390625 0.06171875 0.0140625 0.01484375
2 0.64375 0.12265625 0.03203125 0.03125
2 0.703125 0.16640625 0.015625 0.01640625
2 0.80234375 0.209375 0.021875 0.02109375
2 0.29453125 0.14296875 0.01484375 0.01875
2 0.43984375 0.14453125 0.02734375 0.0265625
2 0.26015625 0.203125 0.01796875 0.02109375
2 0.30625 0.2609375 0.034375 0.04140625
2 0.36640625 0.25390625 0.03671875 0.0375
2 0.4609375 0.30625 0.03359375 0.03203125
2 0.5953125 0.246875 0.01796875 0.01953125
2 0.6171875 0.2953125 0.04375 0.04765625
2 0.696875 0.3140625 0.028125 0.03203125
2 0.81328125 0.34609375 0.02890625 0.02578125
2 0.25390625 0.42890625 0.03125 0.03203125
2 0.4953125 0.43125 0.0234375 0.02421875
2 0.67109375 0.42734375 0.0421875 0.04453125
2 0.4265625 0.48828125 0.01875 0.02265625
2 0.26796875 0.52109375 0.03203125 0.028125
2 0.371875 0.55078125 0.021875 0.0203125
2 0.58515625 0.5390625 0.03203125 0.03046875
2 0.63046875 0.57578125 0.021875 0.021875
2 0.68984375 0.5765625 0.02421875 0.0234375
2 0.73984375 0.5390625 0.02265625 0.0171875
2 0.721875 0.59140625 0.01875 0.01953125
2 0.7796875 0.62890625 0.03984375 0.05
2 0.81875 0.70390625 0.02734375 0.01875
2 0.35546875 0.62890625 0.0234375 0.0234375
2 0.28515625 0.67109375 0.0234375 0.028125
2 0.4703125 0.6390625 0.02421875 0.02578125
2 0.44609375 0.68203125 0.03125 0.04140625
2 0.6078125 0.72734375 0.01796875 0.025
2 0.525 0.7453125 0.040625 0.0421875
2 0.6703125 0.778125 0.03515625 0.0390625
2 0.61875 0.79765625 0.01875 0.0234375
2 0.3375 0.72578125 0.01953125 0.02265625
2 0.4265625 0.79765625 0.02421875 0.034375
2 0.3015625 0.809375 0.03046875 0.028125
2 0.271875 0.82265625 0.0171875 0.01953125
2 0.3609375 0.91328125 0.0359375 0.04609375
2 0.4703125 0.83203125 0.046875 0.05234375
2 0.42734375 0.94765625 0.025 0.028125
2 0.5 0.90625 0.02578125 0.028125
2 0.61875 0.90390625 0.04375 0.0359375
2 0.734375 0.8390625 0.0390625 0.04375
2 0.75859375 0.93828125 0.03671875 0.0265625
2 0.8078125 0.95234375 0.0328125 0.03359375