2 0.109375 0.0265625 0.02421875 0.034375
2 0.167578125 0.0125 0.02578125 0.025
2 0.126953125 0.00390625 0.01484375 0.0078125
2 0.31796875 0.006640625 0.0234375 0.01328125
2 0.070703125 0.0046875 0.01484375 0.009375
2 0.216015625 0.006640625 0.02734375 0.01328125
2 0.036328125 0.005078125 0.01796875 0.01015625
2 0.0828125 0.01015625 0.034375 0.0203125
2 0.142578125 0.009375 0.03671875 0.01875
2 0.237109375 0.0078125 0.03359375 0.015625
2 0.371484375 0.0046875 0.01796875 0.009375
2 0.380859375 0.01171875 0.01796875 0.0234375
2 0.03046875 0.11328125 0.03125 0.03203125
2 0.271875 0.115625 0.0234375 0.02421875
2 0.203125 0.17265625 0.01875 0.02265625
2 0.04453125 0.20546875 0.03203125 0.028125
2 0.1484375 0.23515625 0.021875 0.0203125
2 0.36171875 0.2234375 0.03203125 0.03046875
2 0.13203125 0.31328125 0.0234375 0.0234375
2 0.06171875 0.35546875 0.0234375 0.028125
2 0.246875 0.3234375 0.02421875 0.02578125
2 0.22265625 0.36640625 0.03125 0.04140625
2 0.382421875 0.409375 0.01484375 0.0203125
2 0.3015625 0.4140625 0.040625 0.0109375
2 0.113671875 0.408984375 0.01953125 0.02109375
1 0.398828125 0.004296875 0.01796875 0.00859375
1 0.547265625 0.00859375 0.02265625 0.0171875
1 0.523828125 0.00546875 0.01953125 0.0109375
1 0.691015625 0.027734375 0.13046875 0.05546875
1 0.62890625 0.00546875 0.0171875 0.0109375
1 0.791796875 0.0046875 0.04609375 0.009375
1 0.796875 0.005078125 0.0203125 0.01015625
1 0.911328125 0.005078125 0.02734375 0.01015625
1 0.901953125 0.015234375 0.05390625 0.03046875
1 0.859765625 0.00546875 0.01953125 0.0109375
1 0.646875 0.00703125 0.0265625 0.0140625
1 0.478125 0.005859375 0.0234375 0.01171875
1 0.514453125 0.0046875 0.01796875 0.009375
1 0.571875 0.0046875 0.0203125 0.009375
1 0.6421875 0.0046875 0.0234375 0.009375
1 0.6765625 0.0046875 0.01875 0.009375
1 0.781640625 0.0046875 0.01953125 0.009375
1 0.732421875 0.00390625 0.01640625 0.0078125
1 0.9515625 0.00625 0.0171875 0.0125
1 0.899609375 0.0171875 0.12109375 0.034375
1 0.934375 0.03515625 0.0125 0.01796875
1 0.85703125 0.096875 0.03203125 0.01484375
1 0.8640625 0.15390625 0.02421875 0.02421875
1 0.81484375 0.0546875 0.01328125 0.03046875
1 0.73203125 0.12734375 0.1828125 0.0890625
1 0.6671875 0.0640625 0.01796875 0.01875
1 0.5890625 0.0828125 0.0296875 0.028125
1 0.546875 0.12890625 0.03515625 0.021875
1 0.58359375 0.16484375 0.0265625 0.01796875
1 0.45234375 0.1296875 0.02421875 0.02734375
1 0.50078125 0.0640625 0.0421875 0.05703125
1 0.43359375 0.015625 0.05 0.03125
1 0.393359375 0.0078125 0.00703125 0.015625
1 0.4578125 0.004296875 0.0140625 0.00859375
1 0.55546875 0.00625 0.0125 0.0125
1 0.563671875 0.003515625 0.01328125 0.00703125
1 0.403125 0.00703125 0.0265625 0.0140625
1 0.39453125 0.191015625 0.009375 0.02265625
1 0.41640625 0.22578125 0.02578125 0.02734375
1 0.39453125 0.261328125 0.009375 0.01796875
1 0.51328125 0.2296875 0.0203125 0.0234375
1 0.43671875 0.32265625 0.03359375 0.03203125
1 0.540625 0.39609375 0.01796875 0.0203125
1 0.61484375 0.2875 0.06875 0.07734375
1 0.66015625 0.34296875 0.0390625 0.07890625
1 0.71796875 0.28984375 0.0234375 0.02578125
1 0.728125 0.346875 0.0234375 0.02265625
1 0.74921875 0.38671875 0.02421875 0.0328125
1 0.8703125 0.2375 0.03125 0.0328125
1 0.828125 0.29375 0.015625 0.0171875
1 0.9515625 0.36640625 0.01796875 0.03046875
1 0.07734375 0.45625 0.01796875 0.0171875
1 0.225390625 0.428125 0.02265625 0.0171875
1 0.20234375 0.4984375 0.01953125 0.021875
1 0.346875 0.52578125 0.0859375 0.1109375
1 0.30703125 0.584375 0.0171875 0.021875
1 0.325 0.67109375 0.0265625 0.028125
1 0.15625 0.66875 0.0234375 0.0234375
1 0.19296875 0.71171875 0.01796875 0.01953125
1 0.25 0.721875 0.0203125 0.01953125
1 0.3203125 0.775 0.0234375 0.01875
1 0.3546875 0.8328125 0.01875 0.01953125
1 0.3453125 0.95546875 0.01796875 0.01875
1 0.2671875 0.97421875 0.0296875 0.028125
1 0.17890625 0.95546875 0.0421875 0.05703125
1 0.11171875 0.8984375 0.05 0.0484375
1 0.04921875 0.88359375 0.01484375 0.03125
1 0.1359375 0.8203125 0.0140625 0.0171875
1 0.23359375 0.83125 0.0125 0.02578125
1 0.2421875 0.8796875 0.01328125 0.0140625
1 0.08046875 0.71015625 0.02890625 0.028125
0 0.6890625 0.42578125 0.0234375 0.0125
0 0.55078125 0.428125 0.03125 0.0171875
0 0.768359375 0.4265625 0.03046875 0.0140625
0 0.8140625 0.426953125 0.0359375 0.01484375
0 0.9546875 0.4296875 0.025 0.0203125
0 0.702734375 0.433984375 0.06484375 0.02890625
0 0.530078125 0.429296875 0.05234375 0.01953125
0 0.395703125 0.42578125 0.01171875 0.0125
0 0.5203125 0.51171875 0.0921875 0.08984375
0 0.410546875 0.55703125 0.04140625 0.0609375
0 0.63046875 0.45390625 0.04375 0.03671875
0 0.659765625 0.430078125 0.05390625 0.02109375
0 0.736328125 0.428515625 0.03046875 0.01796875
0 0.8609375 0.44765625 0.03203125 0.03671875
0 0.7328125 0.51953125 0.053125 0.0484375
0 0.58828125 0.584375 0.0328125 0.03984375
0 0.6375 0.62265625 0.02421875 0.0234375
0 0.90859375 0.6078125 0.0375 0.040625
0 0.43046875 0.66015625 0.04296875 0.05
0 0.56796875 0.67421875 0.028125 0.03046875
0 0.54375 0.71640625 0.0328125 0.03046875
0 0.8453125 0.68828125 0.02109375 0.028125
0 0.89296875 0.7453125 0.05390625 0.03828125
0 0.69140625 0.7515625 0.05625 0.0296875
0 0.68984375 0.846875 0.04296875 0.05625
0 0.8296875 0.80078125 0.03125 0.03515625
0 0.9515625 0.86796875 0.03125 0.05078125
0 0.8625 0.90078125 0.02578125 0.03203125
0 0.553125 0.834375 0.02734375 0.02109375
0 0.39921875 0.798046875 0.01875 0.04140625
0 0.397265625 0.922265625 0.01484375 0.02578125
0 0.54609375 0.89765625 0.0390625 0.05546875
0 0.48203125 0.92578125 0.0359375 0.0375
0 0.64140625 0.94140625 0.04296875 0.05078125
0 0.791015625 0.988671875 0.05859375 0.02265625
0 0.573828125 0.99296875 0.04140625 0.0140625
0 0.43984375 0.982421875 0.034375 0.03515625