2 0.52734375 0.0265625 0.02578125 0.03046875
2 0.21640625 0.0734375 0.0265625 0.028125
2 0.3125 0.07734375 0.01953125 0.01875
2 0.22421875 0.1453125 0.02109375 0.0203125
2 0.30234375 0.16953125 0.028125 0.025
2 0.4234375 0.1640625 0.02109375 0.021875
2 0.47109375 0.16484375 0.03671875 0.0234375
2 0.58203125 0.1 0.0859375 0.0890625
2 0.6890625 0.178125 0.07578125 0.078125
2 0.6046875 0.20859375 0.01953125 0.0203125
2 0.734375 0.27890625 0.02109375 0.021875
2 0.74453125 0.3390625 0.0203125 0.021875
2 0.4546875 0.228125 0.0203125 0.01796875
2 0.43984375 0.253125 0.02109375 0.025
2 0.3953125 0.2609375 0.01875 0.02109375
2 0.2796875 0.2515625 0.0265625 0.03046875
2 0.1921875 0.27734375 0.01875 0.0203125
2 0.26796875 0.3140625 0.0203125 0.02109375
2 0.46171875 0.3015625 0.02421875 0.02421875
2 0.55546875 0.33203125 0.03125 0.04140625
2 0.21484375 0.34296875 0.021875 0.02421875
2 0.31796875 0.37734375 0.0234375 0.0203125
2 0.23125 0.3859375 0.01484375 0.01796875
2 0.353125 0.40703125 0.02578125 0.0265625
2 0.36796875 0.4484375 0.0171875 0.0203125
2 0.45546875 0.43046875 0.0140625 0.0171875
2 0.59140625 0.40859375 0.025 0.0265625
2 0.4015625 0.46796875 0.0171875 0.01875
2 0.45703125 0.47265625 0.0234375 0.01953125
2 0.54296875 0.47109375 0.0171875 0.0203125
2 0.67421875 0.48203125 0.0234375 0.0359375
2 0.734375 0.48515625 0.028125 0.021875
2 0.434375 0.528125 0.0375 0.04375
2 0.31953125 0.51875 0.01953125 0.021875
2 0.20078125 0.525 0.01875 0.021875
2 0.2421875 0.57109375 0.0203125 0.02265625
2 0.28203125 0.61796875 0.01640625 0.02265625
2 0.3390625 0.6078125 0.02265625 0.028125
2 0.428125 0.61171875 0.01796875 0.01796875
2 0.47421875 0.5953125 0.01875 0.01953125
2 0.56484375 0.60859375 0.02265625 0.0203125
2 0.66171875 0.59765625 0.03671875 0.0234375
2 0.721875 0.63671875 0.01796875 0.02109375
2 0.803125 0.62265625 0.01953125 0.0234375
2 0.63828125 0.67890625 0.0234375 0.02109375
2 0.43671875 0.69375 0.0171875 0.0171875
2 0.26328125 0.74296875 0.02421875 0.021875
2 0.215625 0.896875 0.03203125 0.03203125
2 0.32890625 0.87265625 0.02109375 0.01953125
2 0.340625 0.83359375 0.01953125 0.0203125
2 0.371875 0.81484375 0.01953125 0.028125
2 0.40234375 0.7625 0.03046875 0.0234375
2 0.47109375 0.76484375 0.0171875 0.01953125
2 0.45625 0.81171875 0.02109375 0.025
2 0.35859375 0.9546875 0.05625 0.04609375
2 0.4890625 0.8890625 0.0296875 0.03125
2 0.553125 0.88046875 0.021875 0.0203125
2 0.6046875 0.76640625 0.02421875 0.025
2 0.65234375 0.725 0.02734375 0.0265625
2 0.73359375 0.75390625 0.02109375 0.025
2 0.69765625 0.8515625 0.028125 0.03359375
2 0.6140625 0.93828125 0.03828125 0.03203125