2 0.184765625 0.007421875 0.02578125 0.01484375
2 0.005859375 0.005078125 0.01171875 0.01015625
2 0.116015625 0.02109375 0.07265625 0.0421875
2 0.1921875 0.0046875 0.01875 0.009375
2 0.275 0.0046875 0.009375 0.009375
2 0.267578125 0.005859375 0.02421875 0.01171875
2 0.246875 0.0609375 0.02578125 0.03046875
2 0.0046875 0.0078125 0.009375 0.015625
2 0.004296875 0.08125 0.00859375 0.021875
2 0.004296875 0.074609375 0.00859375 0.02109375
2 0.05703125 0.09375 0.01875 0.02109375
2 0.159375 0.0859375 0.01796875 0.01875
2 0.1203125 0.12265625 0.025 0.021875
2 0.0625 0.15 0.03203125 0.0265625
2 0.234375 0.1234375 0.01953125 0.02109375
2 0.18203125 0.1515625 0.0234375 0.025
2 0.00390625 0.194140625 0.0078125 0.01953125
2 0.005078125 0.2140625 0.01015625 0.0234375
2 0.19765625 0.1953125 0.0140625 0.0171875
2 0.276953125 0.1859375 0.00546875 0.0171875
2 0.13046875 0.234375 0.015625 0.0203125
2 0.00625 0.30234375 0.0125 0.0265625
2 0.02734375 0.3078125 0.02421875 0.025
2 0.16953125 0.33359375 0.01875 0.0234375
2 0.0078125 0.363671875 0.015625 0.03515625
2 0.00625 0.44140625 0.0125 0.0265625
2 0.04921875 0.4671875 0.01796875 0.02265625
2 0.004296875 0.50703125 0.00859375 0.0234375
2 0.07421875 0.535546875 0.021875 0.00859375
2 0.11875 0.46328125 0.06640625 0.05625
2 0.20859375 0.37890625 0.02109375 0.021875
2 0.25 0.4265625 0.01640625 0.021875
3 0.572265625 0.0046875 0.01796875 0.009375
3 0.471484375 0.0140625 0.03203125 0.028125
3 0.421875 0.0203125 0.0359375 0.0375
3 0.36171875 0.090625 0.015625 0.01953125
3 0.58359375 0.090625 0.0453125 0.0421875
3 0.671875 0.1390625 0.03515625 0.03984375
3 0.78515625 0.03984375 0.0171875 0.021875
3 0.7328125 0.1953125 0.02890625 0.0328125
3 0.88671875 0.140625 0.04296875 0.04453125
3 0.94609375 0.26796875 0.015625 0.01953125
3 0.89375 0.30390625 0.0171875 0.015625
3 0.875 0.35390625 0.01640625 0.02109375
3 0.96953125 0.35625 0.01796875 0.01875
3 0.91015625 0.4015625 0.01640625 0.01953125
3 0.77421875 0.290625 0.01953125 0.01953125
3 0.84453125 0.42109375 0.03671875 0.0390625
3 0.69453125 0.29921875 0.03828125 0.03828125
3 0.73984375 0.40625 0.0390625 0.03828125
3 0.61875 0.21640625 0.015625 0.01875
3 0.41328125 0.18828125 0.04453125 0.05078125
3 0.4921875 0.278125 0.0359375 0.03671875
3 0.4296875 0.39921875 0.01875 0.01953125
3 0.43828125 0.48515625 0.03125 0.0328125
3 0.362890625 0.531640625 0.01640625 0.01640625
3 0.6796875 0.47890625 0.03359375 0.0359375
3 0.79921875 0.503125 0.03203125 0.034375
3 0.83828125 0.49765625 0.01875 0.02421875
3 0.244140625 0.550390625 0.03984375 0.02109375
3 0.2484375 0.5515625 0.0453125 0.0234375
3 0.1515625 0.54609375 0.021875 0.0125
3 0.1390625 0.54921875 0.03125 0.01875
3 0.13125 0.59609375 0.04453125 0.04296875
3 0.07734375 0.62109375 0.040625 0.04453125
3 0.225 0.628125 0.03515625 0.04140625
3 0.14140625 0.7 0.028125 0.0265625
3 0.2734375 0.706640625 0.0125 0.04140625
3 0.1078125 0.7453125 0.02578125 0.02578125
3 0.0953125 0.85 0.02421875 0.02578125
3 0.18359375 0.79921875 0.0375 0.0421875
3 0.23359375 0.8984375 0.0359375 0.0375
3 0.4328125 0.550390625 0.0390625 0.02109375
3 0.287890625 0.54765625 0.01640625 0.015625
3 0.28828125 0.548046875 0.0171875 0.01640625
3 0.39453125 0.55 0.0390625 0.0203125
3 0.476953125 0.54921875 0.03984375 0.01875
3 0.60546875 0.551171875 0.0421875 0.02265625
3 0.81171875 0.549609375 0.040625 0.01953125
3 0.672265625 0.5484375 0.03359375 0.0171875
3 0.7171875 0.6203125 0.040625 0.0359375
3 0.79921875 0.73046875 0.04140625 0.04375
3 0.83515625 0.67109375 0.01953125 0.04140625
3 0.6328125 0.6375 0.03359375 0.0359375
3 0.55 0.63046875 0.03828125 0.0390625
3 0.484375 0.68984375 0.03203125 0.03515625
3 0.58828125 0.7609375 0.034375 0.03828125
3 0.3203125 0.55625 0.0390625 0.0328125
3 0.4015625 0.62109375 0.03515625 0.03359375
3 0.284765625 0.628515625 0.01015625 0.02578125
3 0.286328125 0.71015625 0.01328125 0.028125
3 0.375 0.80234375 0.034375 0.034375
3 0.50078125 0.8234375 0.034375 0.0375
3 0.43671875 0.91640625 0.0296875 0.03125
3 0.3265625 0.95078125 0.034375 0.03359375
3 0.516796875 0.987890625 0.04140625 0.02421875
3 0.656640625 0.98125 0.04609375 0.0375
3 0.735546875 0.99453125 0.03515625 0.0109375