2 0.58984375 0.07578125 0.02578125 0.0296875
2 0.40703125 0.11015625 0.01875 0.02109375
2 0.52109375 0.13515625 0.07265625 0.08515625
2 0.596875 0.14609375 0.01875 0.01875
2 0.68515625 0.07734375 0.0203125 0.01953125
2 0.6734375 0.1703125 0.0265625 0.02421875
2 0.79453125 0.1640625 0.0203125 0.02109375
2 0.82421875 0.2265625 0.01796875 0.015625
2 0.81171875 0.25390625 0.02109375 0.02578125
2 0.7671875 0.26015625 0.01875 0.02265625
2 0.6515625 0.253125 0.02578125 0.03046875
2 0.40234375 0.1984375 0.01875 0.01953125
2 0.221875 0.2734375 0.01796875 0.021875
2 0.37734375 0.2671875 0.01796875 0.02109375
2 0.46171875 0.2859375 0.01875 0.02109375
2 0.5640625 0.278125 0.01796875 0.01875
2 0.525 0.31484375 0.025 0.021875
2 0.4671875 0.3421875 0.03203125 0.0265625
2 0.6390625 0.315625 0.01953125 0.02109375
2 0.58671875 0.34375 0.0234375 0.025
2 0.34609375 0.38671875 0.015625 0.01953125
2 0.39140625 0.40625 0.02109375 0.0234375
2 0.60234375 0.3875 0.0140625 0.0171875
2 0.690625 0.378125 0.0234375 0.0171875
2 0.72421875 0.40703125 0.02578125 0.02578125
2 0.73984375 0.44765625 0.015625 0.01953125
2 0.53515625 0.4265625 0.015625 0.0203125
2 0.25078125 0.49453125 0.02578125 0.0265625
2 0.43203125 0.5 0.02421875 0.025
2 0.77421875 0.4671875 0.0140625 0.01953125
2 0.825 0.47109375 0.015625 0.01796875
2 0.8265625 0.42890625 0.0125 0.01484375
2 0.8265625 0.30234375 0.01171875 0.01953125
2 0.80625 0.52734375 0.03671875 0.04375
2 0.69140625 0.51796875 0.01796875 0.0203125
2 0.57421875 0.52578125 0.01875 0.0234375
2 0.3234375 0.55625 0.03125 0.03515625
2 0.321875 0.63359375 0.025 0.0265625
2 0.45390625 0.659375 0.01796875 0.02265625
2 0.3640625 0.69921875 0.0171875 0.0234375
2 0.47890625 0.734375 0.021875 0.02109375
2 0.5234375 0.65546875 0.06640625 0.05625
2 0.61328125 0.57109375 0.02109375 0.021875
2 0.6546875 0.61875 0.01640625 0.021875
2 0.71171875 0.6078125 0.0234375 0.028125
2 0.8015625 0.6109375 0.0171875 0.01875
2 0.81015625 0.69453125 0.01796875 0.0171875
2 0.7765625 0.7625 0.03046875 0.021875
2 0.74609375 0.81484375 0.01796875 0.02421875
2 0.8265625 0.81328125 0.01171875 0.02734375
2 0.715625 0.83359375 0.01796875 0.0203125
2 0.6375 0.74296875 0.02265625 0.021875
2 0.26796875 0.76484375 0.01484375 0.01875
2 0.3578125 0.8390625 0.0328125 0.04140625
2 0.70390625 0.8734375 0.01953125 0.01875
2 0.734375 0.9546875 0.0578125 0.0453125
2 0.590625 0.89609375 0.034375 0.03203125
2 0.40546875 0.91640625 0.0375 0.034375
2 0.50703125 0.9203125 0.01953125 0.034375
2 0.54140625 0.95390625 0.01953125 0.0234375