2 0.308984375 0.398828125 0.02109375 0.02109375
2 0.1953125 0.3984375 0.0234375 0.021875
2 0.1796875 0.35625 0.0140625 0.0171875
2 0.09140625 0.365625 0.0234375 0.0171875
2 0.0578125 0.33671875 0.02578125 0.02578125
2 0.0421875 0.29609375 0.015625 0.01953125
2 0.246875 0.3171875 0.015625 0.0203125
2 0.0078125 0.2765625 0.0140625 0.01953125
2 0.00390625 0.272265625 0.0078125 0.01796875
2 0.003125 0.314453125 0.00625 0.01484375
2 0.008984375 0.21640625 0.01796875 0.04375
2 0.090625 0.22578125 0.01796875 0.0203125
2 0.2078125 0.21796875 0.01875 0.0234375
2 0.303125 0.009765625 0.021875 0.01953125
2 0.25859375 0.08828125 0.06640625 0.05625
2 0.16875 0.17265625 0.02109375 0.021875
2 0.12734375 0.125 0.01640625 0.021875
2 0.0703125 0.1359375 0.0234375 0.028125
2 0.004296875 0.1328125 0.00859375 0.01875
2 0.004296875 0.04921875 0.00859375 0.0171875
2 0.01015625 0.00546875 0.0203125 0.0109375
2 0.035546875 0.005859375 0.01796875 0.01171875
2 0.002734375 0.006640625 0.00546875 0.01328125
2 0.066015625 0.005078125 0.01796875 0.01015625
2 0.144140625 0.005859375 0.02265625 0.01171875
2 0.077734375 0.0046875 0.01953125 0.009375
2 0.04765625 0.011328125 0.0578125 0.02265625
2 0.19140625 0.0078125 0.034375 0.015625
2 0.274609375 0.00859375 0.01953125 0.0171875
2 0.240234375 0.005859375 0.01953125 0.01171875
2 0.6 0.40078125 0.03125 0.0171875
2 0.679296875 0.395703125 0.03359375 0.02734375
2 0.425390625 0.40078125 0.02890625 0.0171875
2 0.728125 0.2375 0.0578125 0.06953125
2 0.45234375 0.24296875 0.02890625 0.03984375
2 0.53984375 0.1765625 0.0234375 0.028125
2 0.94140625 0.26640625 0.01328125 0.0359375
2 0.90859375 0.1375 0.0171875 0.01953125
2 0.91875 0.07109375 0.0234375 0.0234375
2 0.84765625 0.0203125 0.01796875 0.0234375
2 0.75703125 0.05703125 0.0203125 0.02421875
2 0.7921875 0.01328125 0.0359375 0.0265625
2 0.6734375 0.08046875 0.0203125 0.01640625
2 0.56328125 0.02890625 0.01875 0.01953125
2 0.41875 0.07890625 0.02734375 0.0265625
2 0.3515625 0.078125 0.02578125 0.01953125
2 0.921875 0.00625 0.0234375 0.0125
2 0.839453125 0.00546875 0.02109375 0.0109375
2 0.88203125 0.004296875 0.0171875 0.00859375
2 0.758984375 0.004296875 0.02421875 0.00859375
2 0.71484375 0.005078125 0.0203125 0.01015625
2 0.533203125 0.0046875 0.01953125 0.009375
2 0.337109375 0.0078125 0.03046875 0.015625
2 0.894140625 0.005859375 0.02578125 0.01171875
2 0.788671875 0.0046875 0.01953125 0.009375
2 0.7234375 0.00546875 0.0234375 0.0109375
2 0.681640625 0.007421875 0.02265625 0.01484375
2 0.623828125 0.007421875 0.03046875 0.01484375
2 0.478125 0.0046875 0.021875 0.009375
2 0.3390625 0.006640625 0.021875 0.01328125
2 0.394921875 0.004296875 0.01640625 0.00859375
2 0.42265625 0.006640625 0.0203125 0.01328125
2 0.6875 0.0078125 0.0234375 0.015625
2 0.5359375 0.004296875 0.01875 0.00859375
1 0.00390625 0.968359375 0.0078125 0.02109375
1 0.24921875 0.97890625 0.01875 0.0171875
1 0.215625 0.96640625 0.02734375 0.02421875
1 0.125 0.95078125 0.0171875 0.0203125
1 0.22890625 0.92734375 0.0203125 0.01640625
1 0.228125 0.8328125 0.01875 0.01640625
1 0.05625 0.92265625 0.02265625 0.02734375
1 0.0859375 0.83515625 0.0171875 0.02421875
1 0.00703125 0.88125 0.0140625 0.0140625
1 0.008984375 0.92265625 0.01796875 0.04375
1 0.004296875 0.95234375 0.00859375 0.0171875
1 0.0046875 0.82109375 0.009375 0.015625
1 0.00546875 0.828515625 0.0109375 0.01796875
1 0.005859375 0.801953125 0.01171875 0.02421875
1 0.21953125 0.74140625 0.02265625 0.02578125
1 0.1703125 0.7453125 0.01484375 0.02109375
1 0.16015625 0.6828125 0.021875 0.02421875
1 0.004296875 0.740625 0.00859375 0.021875
1 0.128125 0.60234375 0.02578125 0.021875
1 0.04140625 0.603125 0.02578125 0.02109375
1 0.21875 0.52421875 0.0203125 0.021875
1 0.05703125 0.53984375 0.01875 0.021875
1 0.04921875 0.4609375 0.0375 0.0328125
1 0.0109375 0.560546875 0.021875 0.04921875
1 0.005078125 0.6265625 0.01015625 0.0265625
1 0.003515625 0.719921875 0.00703125 0.02109375
1 0.0109375 0.6515625 0.021875 0.0421875
1 0.0046875 0.529296875 0.009375 0.02734375
1 0.00625 0.4703125 0.0125 0.028125
1 0.97734375 0.93671875 0.028125 0.021875
1 0.778125 0.97265625 0.0234375 0.028125
1 0.9 0.8375 0.0234375 0.02578125
1 0.61796875 0.91875 0.02421875 0.021875
1 0.596875 0.96875 0.021875 0.01953125
1 0.5 0.784375 0.0203125 0.025
1 0.553125 0.70546875 0.02421875 0.02265625
1 0.66484375 0.75859375 0.03203125 0.034375
1 0.84765625 0.7296875 0.02265625 0.02421875
1 0.84140625 0.68203125 0.0171875 0.01796875
1 0.81484375 0.63046875 0.02109375 0.025
1 0.721875 0.58203125 0.0171875 0.02109375
1 0.546875 0.565625 0.015625 0.01875
1 0.98984375 0.71796875 0.01640625 0.0453125
1 0.94921875 0.7 0.01328125 0.0140625
1 0.98359375 0.615625 0.0171875 0.0171875
1 0.9671875 0.49375 0.02109375 0.01796875
1 0.8546875 0.48515625 0.01875 0.01640625
1 0.74375 0.48515625 0.0125 0.01484375
1 0.99609375 0.414453125 0.0078125 0.01015625
1 0.881640625 0.419921875 0.04609375 0.02109375
1 0.64296875 0.47109375 0.01953125 0.021875
1 0.50859375 0.41484375 0.0234375 0.0109375
1 0.691015625 0.415625 0.02421875 0.0125
1 0.75625 0.415625 0.0234375 0.0125
1 0.583984375 0.413671875 0.01640625 0.00859375
1 0.7046875 0.4171875 0.028125 0.015625
1 0.81015625 0.4171875 0.0265625 0.015625
1 0.92734375 0.41640625 0.01875 0.0140625
1 0.95546875 0.416796875 0.025 0.01484375