2 0.108203125 0.588671875 0.02578125 0.02265625
2 0.006640625 0.54609375 0.01328125 0.028125
2 0.0046875 0.5421875 0.009375 0.01875
2 0.005078125 0.47421875 0.01015625 0.0203125
2 0.00703125 0.45 0.0140625 0.025
2 0.007421875 0.45546875 0.01484375 0.021875
2 0.05234375 0.4546875 0.03671875 0.0234375
2 0.16328125 0.51953125 0.0859375 0.0890625
2 0.255859375 0.44140625 0.04765625 0.078125
2 0.1859375 0.4109375 0.01953125 0.0203125
2 0.0359375 0.39140625 0.0203125 0.01796875
2 0.02109375 0.36640625 0.02109375 0.025
2 0.0046875 0.358203125 0.009375 0.02109375
2 0.006640625 0.367578125 0.01328125 0.03046875
2 0.0046875 0.3421875 0.009375 0.0203125
2 0.005078125 0.305078125 0.01015625 0.02109375
2 0.04296875 0.31796875 0.02421875 0.02421875
2 0.13671875 0.2875 0.03125 0.04140625
2 0.00546875 0.276171875 0.0109375 0.02421875
2 0.005859375 0.2421875 0.01171875 0.0203125
2 0.003515625 0.233203125 0.00703125 0.01796875
2 0.00625 0.2125 0.0125 0.0265625
2 0.004296875 0.17109375 0.00859375 0.0203125
2 0.03671875 0.1890625 0.0140625 0.0171875
2 0.17265625 0.2109375 0.025 0.0265625
2 0.004296875 0.1515625 0.00859375 0.01875
2 0.03828125 0.146875 0.0234375 0.01953125
2 0.12421875 0.1484375 0.0171875 0.0203125
2 0.25546875 0.1375 0.0234375 0.0359375
2 0.0171875 0.09140625 0.034375 0.04375
2 0.0046875 0.10078125 0.009375 0.021875
2 0.0046875 0.09453125 0.009375 0.021875
2 0.005078125 0.048046875 0.01015625 0.02265625
2 0.00390625 0.00625 0.0078125 0.0125
2 0.00546875 0.012890625 0.0109375 0.02578125
2 0.008984375 0.008203125 0.01796875 0.01640625
2 0.05546875 0.02421875 0.01875 0.01953125
2 0.14609375 0.0109375 0.02265625 0.0203125
2 0.24296875 0.021875 0.03671875 0.0234375
2 0.21953125 0.005078125 0.0234375 0.01015625
2 0.01796875 0.004296875 0.0171875 0.00859375
2 0.005859375 0.00546875 0.01171875 0.0109375
2 0.0078125 0.0078125 0.015625 0.015625
2 0.005078125 0.0046875 0.01015625 0.009375
2 0.0046875 0.005078125 0.009375 0.01015625
2 0.0046875 0.00703125 0.009375 0.0140625
2 0.007421875 0.005859375 0.01484375 0.01171875
2 0.05234375 0.0046875 0.0171875 0.009375
2 0.037109375 0.00625 0.02109375 0.0125
2 0.0140625 0.011328125 0.028125 0.02265625
2 0.0703125 0.0078125 0.0296875 0.015625
2 0.134375 0.005078125 0.021875 0.01015625
2 0.185546875 0.00625 0.02421875 0.0125
2 0.233203125 0.006640625 0.02734375 0.01328125
2 0.272265625 0.008203125 0.01484375 0.01640625
2 0.194921875 0.0078125 0.03828125 0.015625
3 0.759375 0.5421875 0.0421875 0.03984375
3 0.66796875 0.49609375 0.04296875 0.0390625
3 0.53828125 0.55703125 0.0421875 0.0453125
3 0.615625 0.39140625 0.04453125 0.0421875
3 0.344140625 0.5859375 0.03203125 0.028125
3 0.34296875 0.51015625 0.04453125 0.03984375
3 0.48828125 0.43984375 0.0453125 0.04296875
3 0.2890625 0.3875 0.01875 0.0421875
3 0.3625 0.36484375 0.03125 0.02890625
3 0.3328125 0.28359375 0.03671875 0.03828125
3 0.289453125 0.2390625 0.01953125 0.040625
3 0.53359375 0.29765625 0.0234375 0.028125
3 0.5796875 0.29609375 0.02109375 0.02265625
3 0.50078125 0.1546875 0.03828125 0.040625
3 0.6046875 0.18984375 0.04296875 0.04453125
3 0.696875 0.25859375 0.034375 0.03359375
3 0.7640625 0.2765625 0.0421875 0.040625
3 0.82734375 0.325 0.03984375 0.03671875
3 0.7015625 0.13984375 0.03515625 0.034375
3 0.85234375 0.0625 0.01953125 0.0234375
3 0.66875 0.04140625 0.03984375 0.04609375
3 0.705859375 0.0078125 0.03515625 0.015625
3 0.52578125 0.0734375 0.04296875 0.04296875
3 0.5296875 0.009765625 0.0375 0.01953125
3 0.415625 0.03203125 0.0390625 0.040625
3 0.33671875 0.103125 0.0359375 0.03984375
3 0.23828125 0.69765625 0.0296875 0.03125
3 0.24453125 0.609765625 0.0421875 0.01953125
3 0.13203125 0.609765625 0.028125 0.01953125
3 0.14453125 0.6109375 0.046875 0.021875
3 0.20703125 0.60546875 0.0203125 0.0109375
3 0.259375 0.61015625 0.0359375 0.0203125
3 0.49609375 0.91875 0.0359375 0.0421875
3 0.4265625 0.83515625 0.04609375 0.04375
3 0.49765625 0.85390625 0.0375 0.0421875
3 0.58125 0.8765625 0.0359375 0.0359375
3 0.6640625 0.978125 0.0203125 0.02421875
3 0.7265625 0.87734375 0.0171875 0.02109375
3 0.78828125 0.9484375 0.0375 0.0375
3 0.83828125 0.9578125 0.03046875 0.03515625
3 0.9390625 0.978125 0.01640625 0.02109375
3 0.94765625 0.878125 0.04453125 0.04296875
3 0.778125 0.77890625 0.0453125 0.05
3 0.66875 0.753125 0.0484375 0.0484375
3 0.85625 0.690625 0.0359375 0.0375
3 0.791796875 0.6046875 0.01953125 0.009375
3 0.66796875 0.609765625 0.04375 0.01953125
3 0.59921875 0.64765625 0.046875 0.0453125
3 0.515234375 0.61328125 0.04609375 0.0265625
3 0.44921875 0.6421875 0.0453125 0.04296875
3 0.454296875 0.608984375 0.03671875 0.01796875
3 0.60234375 0.61015625 0.0390625 0.0203125
3 0.62734375 0.608203125 0.03125 0.01640625
3 0.509375 0.611328125 0.04375 0.02265625
3 0.583203125 0.609375 0.04140625 0.01875
3 0.721484375 0.60703125 0.02890625 0.0140625
3 0.801171875 0.6078125 0.03046875 0.015625
3 0.840625 0.6078125 0.028125 0.015625
3 0.94609375 0.605078125 0.021875 0.01015625
3 0.96640625 0.605859375 0.01875 0.01171875
3 0.909375 0.608203125 0.03125 0.01640625
3 0.805859375 0.609765625 0.03828125 0.01953125
3 0.6703125 0.614453125 0.0578125 0.02890625