2 0.196875 0.04453125 0.02109375 0.0234375
2 0.2625 0.0984375 0.02890625 0.03671875
2 0.1921875 0.13515625 0.0234375 0.0234375
2 0.50546875 0.08828125 0.08984375 0.08046875
2 0.66875 0.0625 0.02109375 0.02734375
2 0.62890625 0.1453125 0.0609375 0.08359375
2 0.76328125 0.159375 0.03828125 0.04296875
2 0.503125 0.18515625 0.02578125 0.02734375
2 0.38359375 0.18984375 0.0234375 0.028125
2 0.24375 0.29375 0.01875 0.0234375
2 0.3078125 0.271875 0.0171875 0.01796875
2 0.453125 0.28515625 0.01640625 0.02109375
2 0.51640625 0.35390625 0.021875 0.02578125
2 0.63984375 0.33828125 0.04296875 0.04140625
2 0.2234375 0.4109375 0.02890625 0.025
2 0.25703125 0.44765625 0.02578125 0.03046875
2 0.32578125 0.471875 0.021875 0.02578125
2 0.3703125 0.4296875 0.02578125 0.028125
2 0.41328125 0.44140625 0.01484375 0.0171875
2 0.671875 0.475 0.03125 0.034375
2 0.715625 0.39296875 0.015625 0.0171875
2 0.41640625 0.56875 0.0234375 0.021875
2 0.5390625 0.53828125 0.02265625 0.0234375
2 0.66328125 0.57578125 0.01796875 0.01875
2 0.765625 0.621875 0.0390625 0.03046875
2 0.5921875 0.62265625 0.0234375 0.021875
2 0.2515625 0.628125 0.11328125 0.13046875
2 0.35859375 0.690625 0.021875 0.02578125
2 0.23984375 0.74375 0.02578125 0.02421875
2 0.53984375 0.73125 0.02578125 0.028125
2 0.4484375 0.76953125 0.01953125 0.021875
2 0.59765625 0.7859375 0.01484375 0.01796875
2 0.70390625 0.7859375 0.01953125 0.025
2 0.58671875 0.88125 0.025 0.03203125
2 0.4109375 0.85703125 0.025 0.021875
2 0.22265625 0.8671875 0.040625 0.0390625
2 0.33515625 0.89765625 0.01953125 0.021875
2 0.471875 0.92265625 0.02265625 0.0296875
2 0.1890625 0.96796875 0.0234375 0.028125