3 0.35234375 0.14921875 0.0359375 0.0421875
3 0.2828125 0.2328125 0.04609375 0.04375
3 0.35390625 0.2140625 0.0375 0.0421875
3 0.4375 0.19140625 0.0359375 0.0359375
3 0.5203125 0.08984375 0.0203125 0.02421875
3 0.5828125 0.190625 0.0171875 0.02109375
3 0.64453125 0.11953125 0.0375 0.0375
3 0.69453125 0.11015625 0.03046875 0.03515625
3 0.7953125 0.08984375 0.01640625 0.02109375
3 0.80390625 0.18984375 0.04453125 0.04296875
3 0.634375 0.2890625 0.0453125 0.05
3 0.525 0.31484375 0.0484375 0.0484375
3 0.7125 0.37734375 0.0359375 0.0375
3 0.6484375 0.49765625 0.01953125 0.01875
3 0.52421875 0.4734375 0.04375 0.03984375
3 0.45546875 0.4203125 0.046875 0.0453125
3 0.371875 0.46484375 0.04609375 0.04765625
3 0.30546875 0.42578125 0.0453125 0.04296875
3 0.3109375 0.665625 0.03671875 0.0359375
3 0.45859375 0.6 0.0390625 0.040625
3 0.48359375 0.7078125 0.03125 0.03359375
3 0.365625 0.79375 0.04375 0.04609375
3 0.43984375 0.8046875 0.04140625 0.0375
3 0.578125 0.63671875 0.02890625 0.02890625
3 0.6578125 0.584375 0.03046875 0.03203125
3 0.696875 0.671875 0.028125 0.03203125
3 0.80234375 0.66328125 0.021875 0.02109375
3 0.82265625 0.83984375 0.01875 0.0234375
3 0.765625 0.8453125 0.03125 0.0328125
3 0.6625 0.9546875 0.03828125 0.0390625
3 0.5265625 0.909375 0.0578125 0.05859375