3 0.480078125 0.009765625 0.01953125 0.01953125
3 0.375 0.00546875 0.0171875 0.0109375
3 0.426953125 0.008203125 0.02890625 0.01640625
3 0.273046875 0.0109375 0.04296875 0.021875
3 0.2140625 0.00625 0.015625 0.0125
3 0.26640625 0.0390625 0.0171875 0.015625
3 0.28515625 0.0890625 0.01640625 0.02109375
3 0.190625 0.09140625 0.01796875 0.01875
3 0.25 0.13671875 0.01640625 0.01953125
3 0.3859375 0.02578125 0.01953125 0.01953125
3 0.315625 0.15625 0.03671875 0.0390625
3 0.465625 0.034375 0.03828125 0.03828125
3 0.4203125 0.14140625 0.0390625 0.03828125
3 0.4765625 0.2140625 0.0265625 0.0359375
3 0.3609375 0.23828125 0.03203125 0.034375
3 0.321875 0.2328125 0.01875 0.02421875
3 0.34765625 0.32578125 0.01640625 0.021875
3 0.44453125 0.35625 0.021875 0.01875
3 0.30390625 0.47265625 0.02109375 0.025
3 0.975 0.008984375 0.0375 0.01796875
3 0.99140625 0.006640625 0.0171875 0.01328125
3 0.87734375 0.009375 0.0375 0.01875
3 0.80625 0.00546875 0.0203125 0.0109375
3 0.8046875 0.00859375 0.0328125 0.0171875
3 0.76328125 0.009765625 0.0328125 0.01953125
3 0.684765625 0.010546875 0.04296875 0.02109375
3 0.6078125 0.008203125 0.0328125 0.01640625
3 0.54453125 0.011328125 0.0234375 0.02265625
3 0.6234375 0.01015625 0.0375 0.0203125
3 0.70078125 0.0078125 0.0296875 0.015625
3 0.74375 0.03984375 0.01484375 0.01875
3 0.6625 0.10546875 0.0375 0.03828125
3 0.71015625 0.1328125 0.03515625 0.0375
3 0.815625 0.1140625 0.03515625 0.03828125
3 0.8328125 0.0203125 0.03515625 0.03671875
3 0.93046875 0.02265625 0.04140625 0.0390625
3 0.968359375 0.009375 0.03671875 0.01875
3 0.95546875 0.17734375 0.040625 0.04453125
3 0.94375 0.21953125 0.01796875 0.0203125
3 0.98828125 0.321875 0.0234375 0.0453125
3 0.86875 0.22109375 0.03046875 0.0328125
3 0.884375 0.28359375 0.0375 0.03984375
3 0.89921875 0.39296875 0.03203125 0.03203125
3 0.78515625 0.2390625 0.03359375 0.04375
3 0.74296875 0.203125 0.01875 0.01875
3 0.6609375 0.203125 0.0375 0.03515625
3 0.7765625 0.290625 0.0140625 0.0171875
3 0.75 0.34140625 0.0359375 0.0375
3 0.6046875 0.2625 0.03828125 0.04375
3 0.53828125 0.290625 0.01015625 0.025
3 0.5609375 0.38046875 0.025 0.02265625
3 0.7296875 0.3875 0.021875 0.02421875
3 0.69921875 0.4265625 0.028125 0.03046875
3 0.6359375 0.45859375 0.0359375 0.0421875
3 0.60234375 0.52421875 0.034375 0.03125
3 0.88203125 0.50234375 0.05234375 0.04453125
3 0.980859375 0.426953125 0.03828125 0.04453125
3 0.096484375 0.548828125 0.03359375 0.01796875
3 0.16640625 0.66640625 0.053125 0.05390625
3 0.05078125 0.64140625 0.03984375 0.040625
3 0.11953125 0.73828125 0.04765625 0.0515625
3 0.008203125 0.737890625 0.01640625 0.03671875
3 0.0109375 0.674609375 0.021875 0.04765625
3 0.01015625 0.573046875 0.0203125 0.03828125
3 0.0046875 0.664453125 0.009375 0.04765625
3 0.0046875 0.748828125 0.009375 0.03984375
3 0.010546875 0.856640625 0.02109375 0.03984375
3 0.010546875 0.903125 0.02109375 0.0390625
3 0.0375 0.8421875 0.0421875 0.0453125
3 0.23125 0.81015625 0.03203125 0.03359375
3 0.2328125 0.8890625 0.04453125 0.03984375
3 0.0875 0.959375 0.0453125 0.04296875
3 0.30625 0.9953125 0.0375 0.009375
2 0.936328125 0.54453125 0.02421875 0.009375
2 0.83984375 0.54609375 0.028125 0.0125
2 0.90703125 0.54453125 0.0171875 0.009375
2 0.794921875 0.5453125 0.01796875 0.0109375
2 0.74140625 0.5484375 0.0265625 0.0171875
2 0.69453125 0.545703125 0.0265625 0.01171875
2 0.508203125 0.54765625 0.03203125 0.015625
2 0.5 0.5453125 0.0203125 0.0109375
2 0.501953125 0.551171875 0.02421875 0.02265625
2 0.636328125 0.55 0.03203125 0.0203125
2 0.58984375 0.55078125 0.0296875 0.021875
2 0.68046875 0.544921875 0.021875 0.01015625
2 0.751953125 0.545703125 0.01953125 0.01171875
2 0.659375 0.548828125 0.034375 0.01796875
2 0.50625 0.558984375 0.0328125 0.03828125
2 0.8015625 0.5546875 0.02109375 0.02421875
2 0.72265625 0.5890625 0.03671875 0.03359375
2 0.51953125 0.546875 0.0203125 0.0140625
2 0.9 0.5875 0.02109375 0.0234375
2 0.91328125 0.6875 0.015625 0.01953125
2 0.83828125 0.6234375 0.01953125 0.02265625
2 0.6390625 0.63828125 0.025 0.02421875
2 0.54921875 0.6109375 0.028125 0.03125
2 0.49375 0.626171875 0.0078125 0.02265625
2 0.498828125 0.676171875 0.01796875 0.04609375
2 0.7140625 0.68203125 0.02734375 0.0359375
2 0.60625 0.6984375 0.02578125 0.02578125
2 0.494921875 0.6828125 0.01015625 0.0234375
2 0.5375 0.71328125 0.02109375 0.01953125
2 0.88203125 0.79140625 0.02734375 0.02578125
2 0.765625 0.740625 0.04375 0.046875
2 0.56328125 0.7609375 0.01953125 0.0234375
2 0.494921875 0.751171875 0.01015625 0.02109375
2 0.51875 0.7828125 0.02109375 0.0265625
2 0.68671875 0.80625 0.034375 0.0328125
2 0.93359375 0.884375 0.02890625 0.02265625
2 0.85078125 0.8484375 0.02421875 0.021875
2 0.69765625 0.88125 0.01796875 0.02109375
2 0.565625 0.859375 0.025 0.025
2 0.500390625 0.847265625 0.02109375 0.04140625
2 0.51953125 0.8796875 0.04296875 0.0203125
2 0.75390625 0.9453125 0.0296875 0.03046875
2 0.51015625 0.93359375 0.02421875 0.0234375
2 0.49609375 0.96953125 0.0125 0.0234375
2 0.61953125 0.99140625 0.021875 0.0171875