3 0.38515625 0.0703125 0.01796875 0.01953125
3 0.284375 0.08984375 0.03203125 0.034375
3 0.234375 0.09921875 0.0359375 0.0375
3 0.17421875 0.16953125 0.015625 0.01953125
3 0.39609375 0.16953125 0.0453125 0.0421875
3 0.484375 0.21796875 0.03515625 0.03984375
3 0.59765625 0.11875 0.0171875 0.021875
3 0.5453125 0.27421875 0.02890625 0.0328125
3 0.69921875 0.21953125 0.04296875 0.04453125
3 0.75859375 0.346875 0.015625 0.01953125
3 0.70625 0.3828125 0.0171875 0.015625
3 0.6875 0.4328125 0.01640625 0.02109375
3 0.78203125 0.43515625 0.01796875 0.01875
3 0.72265625 0.48046875 0.01640625 0.01953125
3 0.58671875 0.36953125 0.01953125 0.01953125
3 0.65703125 0.5 0.03671875 0.0390625
3 0.50703125 0.378125 0.03828125 0.03828125
3 0.55234375 0.48515625 0.0390625 0.03828125
3 0.43125 0.2953125 0.015625 0.01875
3 0.22578125 0.2671875 0.04453125 0.05078125
3 0.3046875 0.35703125 0.0359375 0.03671875
3 0.2421875 0.478125 0.01875 0.01953125
3 0.25078125 0.5640625 0.03125 0.0328125
3 0.17578125 0.6171875 0.01640625 0.0296875
3 0.28984375 0.6515625 0.02890625 0.03046875
3 0.3953125 0.64140625 0.02109375 0.0203125
3 0.4921875 0.5578125 0.03359375 0.0359375
3 0.61171875 0.58203125 0.03203125 0.034375
3 0.65078125 0.5765625 0.01875 0.02421875
3 0.625 0.66953125 0.01640625 0.021875
3 0.528125 0.7 0.021875 0.01875
3 0.66875 0.81640625 0.02109375 0.025
3 0.47421875 0.8234375 0.025 0.025
3 0.4140625 0.81875 0.01953125 0.02109375
3 0.35703125 0.82421875 0.03046875 0.03359375
3 0.25390625 0.934375 0.03515625 0.03828125