3 0.010546875 0.545703125 0.02109375 0.02734375
3 0.009765625 0.466015625 0.01953125 0.03515625
3 0.00546875 0.353125 0.0109375 0.0171875
3 0.05625 0.40546875 0.0328125 0.02890625
3 0.01171875 0.251171875 0.0234375 0.04296875
3 0.12890625 0.1921875 0.01953125 0.015625
3 0.16484375 0.24453125 0.015625 0.0171875
3 0.21484375 0.26328125 0.02109375 0.01640625
3 0.2171875 0.16875 0.01875 0.01796875
3 0.2625 0.228125 0.01953125 0.01640625
3 0.1515625 0.3640625 0.01953125 0.01953125
3 0.28203125 0.29375 0.0390625 0.03671875
3 0.16015625 0.44375 0.03828125 0.03828125
3 0.2671875 0.3984375 0.03828125 0.0390625
3 0.07734375 0.51953125 0.01875 0.015625
3 0.4234375 0.551953125 0.0203125 0.01484375
3 0.33984375 0.45859375 0.0359375 0.03359375
3 0.3640625 0.3390625 0.034375 0.03203125
3 0.35859375 0.3 0.02421875 0.01875
3 0.4515625 0.32578125 0.021875 0.01640625
3 0.48203125 0.42265625 0.01875 0.021875
1 0.598046875 0.4703125 0.01640625 0.0328125
1 0.598828125 0.40234375 0.01796875 0.0375
1 0.594921875 0.415234375 0.01015625 0.01796875
1 0.59453125 0.276953125 0.009375 0.02109375
1 0.598828125 0.146484375 0.01796875 0.02734375
1 0.596484375 0.175 0.01328125 0.021875
1 0.6125 0.42421875 0.01484375 0.015625
1 0.625 0.3140625 0.053125 0.03203125
1 0.69765625 0.27109375 0.01796875 0.01875
1 0.7359375 0.38046875 0.0234375 0.021875
1 0.688671875 0.5515625 0.01953125 0.015625
1 0.738671875 0.548828125 0.02265625 0.02109375
1 0.81640625 0.5171875 0.02109375 0.015625
1 0.82265625 0.45703125 0.0234375 0.0171875
1 0.88671875 0.48203125 0.0171875 0.0203125
1 0.91015625 0.40859375 0.02734375 0.01875
1 0.9296875 0.23671875 0.01953125 0.028125
1 0.94453125 0.34765625 0.02890625 0.028125
1 0.004296875 0.947265625 0.00859375 0.01953125
1 0.004296875 0.965625 0.00859375 0.0125
1 0.036328125 0.863671875 0.07265625 0.05703125
1 0.017578125 0.69609375 0.03515625 0.0921875
1 0.00859375 0.681640625 0.0171875 0.02421875
1 0.00546875 0.793359375 0.0109375 0.01953125
1 0.03984375 0.90625 0.015625 0.01640625
1 0.15859375 0.990625 0.0328125 0.01875
1 0.13984375 0.90859375 0.021875 0.03125
1 0.1765625 0.759375 0.0359375 0.0375
1 0.21953125 0.8734375 0.06015625 0.05625
1 0.315625 0.72421875 0.059375 0.028125
1 0.365625 0.89140625 0.02109375 0.021875
1 0.415625 0.7 0.0359375 0.0359375
1 0.44921875 0.7828125 0.025 0.02890625
1 0.4640625 0.90390625 0.0265625 0.021875
1 0.4625 0.94765625 0.01796875 0.0171875
1 0.4171875 0.95625 0.07109375 0.04921875
1 0.575 0.997265625 0.028125 0.00546875
1 0.52265625 0.9484375 0.0171875 0.01484375
1 0.55859375 0.94453125 0.02265625 0.02109375
1 0.558203125 0.788671875 0.06328125 0.03828125
1 0.59453125 0.965625 0.009375 0.0171875
1 0.594140625 0.833203125 0.00859375 0.01953125
1 0.594140625 0.8515625 0.00859375 0.0125
1 0.626171875 0.749609375 0.07265625 0.05703125
1 0.607421875 0.59375 0.03515625 0.06875
1 0.5984375 0.56953125 0.0171875 0.0203125
1 0.5953125 0.679296875 0.0109375 0.01953125
1 0.597265625 0.9109375 0.01484375 0.03125
1 0.5953125 0.91875 0.0109375 0.03125
1 0.59375 0.791796875 0.0078125 0.01640625
1 0.6 0.99296875 0.01875 0.0140625
1 0.6609375 0.8828125 0.0328125 0.03046875
1 0.6421875 0.79453125 0.021875 0.03125
1 0.67890625 0.6453125 0.0359375 0.0375
1 0.721875 0.759375 0.06015625 0.05625
1 0.81796875 0.61015625 0.059375 0.028125
1 0.86796875 0.77734375 0.02109375 0.021875
1 0.91796875 0.5859375 0.0359375 0.0359375
1 0.9515625 0.66875 0.025 0.02890625
1 0.96640625 0.78984375 0.0265625 0.021875
1 0.96484375 0.83359375 0.01796875 0.0171875
1 0.91953125 0.8421875 0.07109375 0.04921875
1 0.746875 0.994921875 0.0203125 0.01015625
1 0.83125 0.9265625 0.03125 0.02109375
1 0.93203125 0.953125 0.0296875 0.02265625