3 0.121875 0.01015625 0.0421875 0.0203125
3 0.20546875 0.011328125 0.04375 0.02265625
3 0.18671875 0.011328125 0.0421875 0.02265625
3 0.1640625 0.0875 0.0359375 0.0359375
3 0.0625 0.1703125 0.02421875 0.0203125
3 0.16328125 0.2328125 0.02109375 0.0171875
3 0.2875 0.175 0.0484375 0.0484375
3 0.44609375 0.17421875 0.03984375 0.04375
3 0.39296875 0.10546875 0.0453125 0.046875
3 0.437109375 0.022265625 0.04765625 0.04453125
3 0.398046875 0.011328125 0.04296875 0.02265625
3 0.54921875 0.19140625 0.01875 0.0328125
3 0.548828125 0.158984375 0.01796875 0.01484375
3 0.5453125 0.155078125 0.0109375 0.00703125
3 0.5484375 0.249609375 0.0171875 0.01953125
3 0.54453125 0.212890625 0.009375 0.01640625
3 0.54921875 0.24375 0.01875 0.03125
3 0.5546875 0.2140625 0.01796875 0.01875
3 0.59140625 0.171875 0.0421875 0.03359375
3 0.64296875 0.1796875 0.01953125 0.01640625
3 0.69296875 0.20625 0.03671875 0.0359375
3 0.7390625 0.22734375 0.02421875 0.021875
3 0.778125 0.2515625 0.0296875 0.015625
0 0.92734375 0.22265625 0.01875 0.01640625
1 0.005078125 0.6421875 0.01015625 0.01875
1 0.00625 0.559375 0.0125 0.0265625
1 0.00546875 0.609375 0.0109375 0.01875
1 0.00546875 0.5140625 0.0109375 0.0203125
1 0.018359375 0.6390625 0.03671875 0.0640625
1 0.0078125 0.7109375 0.015625 0.028125
1 0.00703125 0.798046875 0.0140625 0.01953125
1 0.01640625 0.903125 0.0328125 0.0375
1 0.0109375 0.917578125 0.021875 0.11953125
1 0.00703125 0.819921875 0.0140625 0.03046875
1 0.004296875 0.489453125 0.00859375 0.02578125
1 0.00625 0.51875 0.0125 0.0296875
1 0.00546875 0.598828125 0.0109375 0.02109375
1 0.007421875 0.640234375 0.01484375 0.03046875
1 0.05234375 0.7390625 0.0234375 0.0265625
1 0.121875 0.640625 0.0296875 0.02734375
1 0.10625 0.49921875 0.02109375 0.01875
1 0.1796875 0.503125 0.053125 0.0546875
1 0.19296875 0.68828125 0.04140625 0.0375
1 0.2328125 0.61484375 0.03125 0.028125
1 0.196875 0.8109375 0.09375 0.0421875
1 0.2515625 0.46328125 0.02265625 0.028125
1 0.33203125 0.49375 0.01796875 0.01875
1 0.29609375 0.58671875 0.02109375 0.02109375
1 0.36796875 0.57734375 0.0234375 0.0234375
1 0.45546875 0.640625 0.0375 0.04765625
1 0.41875 0.76484375 0.01796875 0.02109375
1 0.4109375 0.81171875 0.02109375 0.02734375
1 0.49140625 0.8234375 0.02109375 0.01796875
1 0.48828125 0.91953125 0.03984375 0.0375
1 0.434375 0.99375 0.040625 0.0125
1 0.31015625 0.9484375 0.07578125 0.06328125
1 0.29609375 0.771875 0.0296875 0.0296875
1 0.10078125 0.925 0.0203125 0.0171875
1 0.03203125 0.98203125 0.03984375 0.03203125
3 0.5578125 0.28125 0.0359375 0.0421875
3 0.55625 0.382421875 0.0328125 0.03828125
3 0.549609375 0.4578125 0.01953125 0.0359375
3 0.5515625 0.522265625 0.0234375 0.03984375
3 0.5484375 0.502734375 0.0171875 0.02890625
3 0.548046875 0.599609375 0.01640625 0.03359375
3 0.551953125 0.64140625 0.02421875 0.0484375
3 0.557421875 0.77421875 0.03515625 0.0375
3 0.590625 0.66640625 0.04609375 0.04609375
3 0.6328125 0.75625 0.04140625 0.0421875
3 0.684375 0.6359375 0.0296875 0.0265625
3 0.690625 0.5609375 0.04375 0.0453125
3 0.76640625 0.5515625 0.0453125 0.04140625
3 0.69765625 0.32578125 0.040625 0.0390625
3 0.70546875 0.4578125 0.04375 0.046875
3 0.80625 0.43828125 0.04140625 0.04296875
3 0.89140625 0.55546875 0.0453125 0.040625
3 0.9640625 0.465625 0.0421875 0.03671875
3 0.84609375 0.759375 0.04140625 0.03828125
3 0.87734375 0.82890625 0.0328125 0.01328125