3 0.48125 0.0625 0.0421875 0.040625
3 0.40859375 0.090625 0.03671875 0.034375
3 0.45546875 0.2359375 0.02734375 0.025
3 0.51953125 0.3765625 0.04140625 0.03984375
3 0.5640625 0.43828125 0.0390625 0.0375
3 0.46171875 0.4390625 0.040625 0.0421875
3 0.3984375 0.56328125 0.03984375 0.03671875
3 0.284375 0.5515625 0.03515625 0.0375
3 0.0234375 0.08671875 0.0359375 0.0359375
3 0.09609375 0.3984375 0.0375 0.03125
3 0.00859375 0.18125 0.0171875 0.034375
3 0.009765625 0.38515625 0.01953125 0.0390625
1 0.994921875 0.332421875 0.01015625 0.02109375
1 0.9671875 0.471875 0.0203125 0.01640625
1 0.9546875 0.21640625 0.015625 0.0171875
1 0.946875 0.3890625 0.01796875 0.02890625
1 0.95546875 0.63359375 0.0390625 0.01875
1 0.91796875 0.5546875 0.02578125 0.01953125
1 0.86015625 0.6984375 0.04140625 0.02109375
1 0.79765625 0.48046875 0.034375 0.01796875
1 0.803125 0.125 0.01953125 0.0171875
1 0.81484375 0.259375 0.02578125 0.0203125
1 0.74375 0.34296875 0.01484375 0.01640625
1 0.69140625 0.41875 0.02734375 0.02578125
1 0.65 0.31640625 0.02421875 0.01953125
1 0.665625 0.24453125 0.10859375 0.1359375
1 0.604296875 0.328515625 0.00859375 0.02109375
1 0.6046875 0.44453125 0.009375 0.0359375
1 0.605078125 0.369140625 0.01015625 0.01796875
1 0.603515625 0.2578125 0.00703125 0.0109375
1 0.605859375 0.13984375 0.01171875 0.01875
1 0.6828125 0.54453125 0.01875 0.01953125
1 0.71015625 0.65 0.0171875 0.021875
1 0.63984375 0.70078125 0.0796875 0.0453125
1 0.60546875 0.606640625 0.0109375 0.01796875
1 0.60703125 0.163671875 0.0140625 0.03046875
1 0.6078125 0.259375 0.015625 0.0265625
1 0.60703125 0.316015625 0.0140625 0.02265625
1 0.607421875 0.371484375 0.01484375 0.03359375
1 0.607421875 0.453515625 0.01484375 0.02890625
1 0.612109375 0.51171875 0.02421875 0.053125
1 0.605078125 0.423046875 0.01015625 0.01640625
1 0.605078125 0.6375 0.01015625 0.0171875
1 0.60625 0.43046875 0.0125 0.01875
1 0.605859375 0.51484375 0.01171875 0.0203125
1 0.6046875 0.619140625 0.009375 0.01640625
1 0.596484375 0.78984375 0.00703125 0.01875
1 0.565234375 0.746484375 0.02578125 0.01328125
1 0.546875 0.75703125 0.02265625 0.01875
1 0.4734375 0.744921875 0.021875 0.01015625
1 0.43125 0.78671875 0.07421875 0.0640625
1 0.3828125 0.85859375 0.03203125 0.028125
1 0.52578125 0.94609375 0.02890625 0.01953125
1 0.290625 0.96796875 0.028125 0.03046875
1 0.419921875 0.74609375 0.01796875 0.0125
1 0.302734375 0.747265625 0.02578125 0.01484375
1 0.33828125 0.7484375 0.021875 0.0171875
1 0.2546875 0.78828125 0.03046875 0.03046875
1 0.1859375 0.88671875 0.0234375 0.0265625
1 0.11640625 0.78828125 0.0296875 0.02734375
1 0.131640625 0.74453125 0.02109375 0.009375
1 0.05859375 0.753515625 0.053125 0.02734375
1 0.0453125 0.8359375 0.04140625 0.0375
1 0.010546875 0.7625 0.02109375 0.028125
1 0.044140625 0.95859375 0.08828125 0.0421875
1 0.00546875 0.746875 0.0109375 0.0140625
1 0.004296875 0.74453125 0.00859375 0.009375
1 0.005078125 0.744921875 0.01015625 0.01015625
1 0.005859375 0.745703125 0.01171875 0.01171875
1 0.009375 0.787890625 0.01875 0.04765625
1 0.004296875 0.912109375 0.00859375 0.02109375
1 0.005078125 0.958984375 0.01015625 0.02734375
1 0.005078125 0.970703125 0.01015625 0.01796875
1 0.007421875 0.91953125 0.01484375 0.0296875
2 0.93828125 0.9109375 0.02265625 0.02109375
2 0.8375 0.94765625 0.0390625 0.0421875
2 0.623046875 0.9921875 0.03046875 0.015625
2 0.63125 0.90234375 0.05859375 0.0640625