3 0.18359375 0.13046875 0.03671875 0.034375
3 0.225 0.25546875 0.03828125 0.03359375
3 0.18125 0.31953125 0.040625 0.03671875
3 0.2734375 0.15078125 0.03671875 0.03828125
3 0.41015625 0.3234375 0.0328125 0.0328125
3 0.4015625 0.375 0.0359375 0.03671875
3 0.44921875 0.17421875 0.03828125 0.0359375
3 0.4796875 0.28203125 0.04453125 0.0421875
3 0.53203125 0.541796875 0.015625 0.03515625
3 0.0859375 0.51953125 0.04296875 0.040625
3 0.1578125 0.54609375 0.03671875 0.0359375
0 0.545703125 0.21171875 0.01171875 0.028125
0 0.546484375 0.2859375 0.01328125 0.0203125
0 0.547265625 0.439453125 0.01484375 0.02890625
0 0.546484375 0.387109375 0.01328125 0.02421875
0 0.547265625 0.556640625 0.01484375 0.01796875
0 0.544921875 0.53515625 0.01015625 0.025
0 0.5453125 0.3765625 0.0109375 0.01875
0 0.544140625 0.159765625 0.00859375 0.01328125
0 0.54609375 0.200390625 0.0125 0.02578125
0 0.54765625 0.394140625 0.015625 0.03203125
0 0.54609375 0.448828125 0.0125 0.02109375
0 0.548046875 0.518359375 0.01640625 0.03359375
0 0.54921875 0.594140625 0.01875 0.04140625
0 0.59921875 0.622265625 0.025 0.01484375
0 0.56875 0.59375 0.0234375 0.0234375
0 0.548046875 0.427734375 0.01640625 0.02890625
0 0.6390625 0.5 0.03203125 0.02890625
0 0.66796875 0.57734375 0.0265625 0.0203125
0 0.54921875 0.34765625 0.01875 0.0265625
0 0.551171875 0.122265625 0.02265625 0.03828125
0 0.57890625 0.1671875 0.06484375 0.034375
0 0.555859375 0.288671875 0.03203125 0.02890625
0 0.6171875 0.23203125 0.0265625 0.03203125
0 0.6234375 0.30859375 0.025 0.02421875
0 0.76875 0.2046875 0.02578125 0.02578125
0 0.71875 0.325 0.04296875 0.04140625
0 0.80859375 0.3015625 0.01640625 0.02109375
0 0.85625 0.2140625 0.01953125 0.0203125
0 0.86015625 0.1171875 0.0296875 0.028125
0 0.7265625 0.4578125 0.0484375 0.06875
0 0.80234375 0.5625 0.02578125 0.028125
0 0.83515625 0.44296875 0.0234375 0.0234375
0 0.9 0.565625 0.0203125 0.01953125
0 0.94609375 0.48359375 0.0328125 0.03359375
0 0.90546875 0.32578125 0.02421875 0.02890625
0 0.9484375 0.1453125 0.03125 0.02421875
0 0.987890625 0.271875 0.02421875 0.0296875
0 0.00546875 0.9015625 0.0109375 0.0265625
0 0.013671875 0.941015625 0.02734375 0.03203125
0 0.03203125 0.83984375 0.0390625 0.03671875
0 0.033203125 0.991796875 0.05859375 0.01640625
0 0.22265625 0.9734375 0.03359375 0.02890625
0 0.190625 0.8640625 0.0328125 0.02890625
0 0.30078125 0.9515625 0.02265625 0.02265625
0 0.3421875 0.8296875 0.03125 0.0265625
0 0.39921875 0.94296875 0.0265625 0.0234375
0 0.46484375 0.90546875 0.065625 0.04609375
0 0.598828125 0.64296875 0.03359375 0.0265625
0 0.63515625 0.77109375 0.03203125 0.0265625
0 0.6875 0.72890625 0.0328125 0.03125
0 0.683203125 0.63515625 0.01953125 0.0109375
0 0.6328125 0.90078125 0.02578125 0.03203125
0 0.71484375 0.8375 0.021875 0.02109375
0 0.550390625 0.946875 0.02109375 0.0203125
0 0.590625 0.9578125 0.01953125 0.02890625
0 0.728125 0.9359375 0.0296875 0.02578125
0 0.766015625 0.63671875 0.02890625 0.0140625
0 0.79140625 0.67734375 0.0234375 0.025
0 0.72734375 0.990625 0.01796875 0.01484375
0 0.83515625 0.940625 0.03828125 0.0234375
0 0.88515625 0.98828125 0.0296875 0.02265625
0 0.8609375 0.9046875 0.03359375 0.02265625
0 0.8328125 0.84609375 0.03046875 0.04609375
0 0.8265625 0.7703125 0.0203125 0.02734375
0 0.9203125 0.846875 0.0265625 0.02265625
0 0.94453125 0.859375 0.02734375 0.025
0 0.91171875 0.70546875 0.0296875 0.03515625
0 0.901171875 0.64765625 0.04765625 0.0359375
0 0.920703125 0.637890625 0.03203125 0.01640625
0 0.9875 0.636328125 0.025 0.01328125
0 0.99609375 0.7921875 0.0078125 0.0328125