3 0.60703125 0.60859375 0.0375 0.03515625
3 0.1421875 0.34765625 0.0359375 0.0359375
3 0.45390625 0.4203125 0.03125 0.0375
3 0.23671875 0.11875 0.034375 0.03515625
3 0.440625 0.06015625 0.0390625 0.03984375
0 0.8140625 0.64296875 0.0921875 0.0328125
0 0.7 0.6265625 0.05078125 0.0609375
0 0.88203125 0.59921875 0.0328125 0.03984375
0 0.93125 0.5609375 0.02421875 0.0234375
0 0.72421875 0.5234375 0.04296875 0.05
0 0.86171875 0.509375 0.028125 0.03046875
0 0.8375 0.4671875 0.0328125 0.03046875
0 0.978515625 0.43203125 0.04296875 0.0296875
0 0.980859375 0.33671875 0.03828125 0.05625
0 0.846875 0.34921875 0.02734375 0.02109375
0 0.68203125 0.38515625 0.03828125 0.04140625
0 0.675 0.2609375 0.03046875 0.02578125
0 0.83984375 0.2859375 0.0390625 0.05546875
0 0.77578125 0.2578125 0.0359375 0.0375
0 0.93515625 0.2421875 0.04296875 0.05078125
0 0.86796875 0.18203125 0.04140625 0.03046875
0 0.73359375 0.19453125 0.034375 0.04765625
0 0.666796875 0.142578125 0.01484375 0.03515625
0 0.7046875 0.12421875 0.02109375 0.02578125
0 0.74765625 0.12890625 0.0234375 0.02578125
0 0.8296875 0.14765625 0.03359375 0.0296875
0 0.9484375 0.15859375 0.03046875 0.03671875
0 0.85 0.08203125 0.040625 0.03125
0 0.92109375 0.06171875 0.03671875 0.05234375
0 0.9671875 0.06875 0.0234375 0.0203125
2 0.5125 0.975 0.04296875 0.03671875
2 0.59921875 0.8875 0.03046875 0.028125
2 0.2953125 0.98046875 0.02109375 0.01875
2 0.20390625 0.94453125 0.02109375 0.02109375
2 0.14140625 0.92734375 0.0234375 0.021875
2 0.005078125 0.93046875 0.01015625 0.01875
2 0.028125 0.92578125 0.01640625 0.0203125
2 0.10625 0.85625 0.0359375 0.034375
2 0.18125 0.86328125 0.0234375 0.0234375
2 0.20546875 0.82109375 0.01953125 0.0203125
2 0.29453125 0.75625 0.02734375 0.02734375
2 0.4296875 0.80234375 0.04765625 0.04140625
2 0.57578125 0.77734375 0.0328125 0.0359375
2 0.38359375 0.72890625 0.05859375 0.05703125
2 0.184375 0.73515625 0.0171875 0.01875
2 0.071875 0.72890625 0.01484375 0.015625
2 0.028125 0.690625 0.02109375 0.02109375
2 0.008984375 0.66484375 0.01796875 0.0109375
2 0.07890625 0.68203125 0.021875 0.0234375
2 0.1859375 0.684375 0.02109375 0.0203125
2 0.208203125 0.669140625 0.03671875 0.01953125
2 0.43984375 0.668359375 0.0359375 0.01796875
2 0.516796875 0.672265625 0.05546875 0.02578125
2 0.141796875 0.66796875 0.03203125 0.0171875
2 0.205078125 0.66953125 0.03671875 0.0203125
2 0.221875 0.67109375 0.046875 0.0234375
2 0.166796875 0.66640625 0.03046875 0.0140625
2 0.322265625 0.665234375 0.01953125 0.01171875
2 0.370703125 0.668359375 0.03828125 0.01796875
2 0.073046875 0.664453125 0.01796875 0.01015625
2 0.99765625 0.829296875 0.0046875 0.01953125
2 0.82421875 0.7546875 0.01796875 0.021875
2 0.9796875 0.7609375 0.01796875 0.02109375
2 0.9484375 0.6640625 0.015625 0.009375
2 0.99140625 0.665234375 0.0171875 0.01171875
2 0.852734375 0.666015625 0.02578125 0.01328125
2 0.92578125 0.66796875 0.03125 0.0171875
2 0.92421875 0.666015625 0.025 0.01328125
2 0.96640625 0.665234375 0.0171875 0.01171875
2 0.869921875 0.6640625 0.01484375 0.009375
2 0.96015625 0.66953125 0.0328125 0.0203125