3 0.21875 0.265625 0.034375 0.03671875
3 0.34375 0.30703125 0.03359375 0.03828125
3 0.4078125 0.26328125 0.03671875 0.040625
3 0.2390625 0.35546875 0.03828125 0.03671875
3 0.41171875 0.4921875 0.0328125 0.0328125
3 0.46328125 0.48359375 0.03671875 0.0359375
3 0.2625 0.53125 0.0359375 0.03828125
3 0.3703125 0.56171875 0.0421875 0.04453125
3 0.63046875 0.625 0.03515625 0.03671875
3 0.78046875 0.19296875 0.0265625 0.028125
3 0.6078125 0.16796875 0.040625 0.04296875
3 0.634375 0.23984375 0.0359375 0.03671875
3 0.725 0.85390625 0.03515625 0.03359375
3 0.4203125 0.86015625 0.05234375 0.046875
3 0.3109375 0.82265625 0.03671875 0.03828125
3 0.2671875 0.790625 0.03515625 0.0375