3 0.009375 0.15390625 0.01875 0.0390625
3 0.011328125 0.102734375 0.02265625 0.04140625
3 0.00703125 0.210546875 0.0140625 0.02265625
3 0.008984375 0.3125 0.01796875 0.0375
3 0.0109375 0.360546875 0.021875 0.04296875
3 0.009765625 0.2609375 0.01953125 0.0390625
3 0.01015625 0.36171875 0.0203125 0.0359375
3 0.04765625 0.2234375 0.0390625 0.03828125
3 0.0859375 0.15234375 0.0328125 0.0296875
3 0.13359375 0.0609375 0.0421875 0.03828125
3 0.08671875 0.0125 0.0375 0.01953125
3 0.159375 0.2015625 0.034375 0.03359375
3 0.15625 0.3671875 0.0375 0.0375
3 0.05703125 0.4234375 0.040625 0.03671875
3 0.009765625 0.4359375 0.01953125 0.034375
3 0.07578125 0.511328125 0.040625 0.01640625
3 0.11171875 0.4609375 0.021875 0.01796875
3 0.19609375 0.4484375 0.021875 0.01953125
3 0.22421875 0.43046875 0.02421875 0.02265625
3 0.309375 0.46953125 0.04296875 0.03828125
3 0.33125 0.23671875 0.04609375 0.04453125
3 0.2859375 0.1 0.02265625 0.01953125
3 0.32734375 0.1453125 0.0203125 0.01953125
3 0.22734375 0.07734375 0.03984375 0.0390625
3 0.32890625 0.05 0.0453125 0.0484375
0 0.365625 0.0046875 0.0125 0.009375
0 0.405859375 0.008984375 0.03828125 0.01796875
0 0.40234375 0.08046875 0.03828125 0.02578125
0 0.4515625 0.0296875 0.04921875 0.040625
0 0.4734375 0.13359375 0.01796875 0.02265625
0 0.503125 0.08203125 0.03125 0.021875
0 0.38828125 0.209375 0.0234375 0.0265625
0 0.369140625 0.35703125 0.01953125 0.0359375
0 0.39765625 0.3375 0.021875 0.021875
0 0.4890625 0.3203125 0.02734375 0.02578125
0 0.503125 0.234375 0.0296875 0.02734375
0 0.49765625 0.40390625 0.02265625 0.01953125
0 0.58203125 0.403125 0.02421875 0.0234375
0 0.6234375 0.33828125 0.03125 0.02890625
0 0.6359375 0.2859375 0.0296875 0.01953125
0 0.575 0.2421875 0.03046875 0.02265625
0 0.66015625 0.1609375 0.0234375 0.03359375
0 0.56875 0.07109375 0.0328125 0.02578125
0 0.5671875 0.00859375 0.0265625 0.0171875
0 0.573046875 0.00625 0.03203125 0.0125
0 0.610546875 0.00625 0.02265625 0.0125
0 0.659765625 0.0046875 0.02265625 0.009375
0 0.6953125 0.0265625 0.02734375 0.02734375
0 0.72578125 0.12890625 0.025 0.02109375
0 0.73671875 0.37421875 0.02421875 0.02265625
0 0.79453125 0.40625 0.034375 0.0359375
0 0.784375 0.3015625 0.0484375 0.03359375
0 0.78125 0.18359375 0.021875 0.01796875
0 0.78125 0.12109375 0.0328125 0.0375
0 0.85390625 0.20234375 0.03515625 0.028125
0 0.9109375 0.42109375 0.0234375 0.03125
0 0.9265625 0.3171875 0.05625 0.0765625
0 0.93828125 0.225 0.034375 0.03046875
0 0.971875 0.1375 0.0375 0.03046875
0 0.8671875 0.02890625 0.021875 0.021875
0 0.81015625 0.00625 0.028125 0.0125
0 0.782421875 0.0109375 0.04609375 0.021875
0 0.86875 0.0046875 0.021875 0.009375
0 0.9609375 0.00625 0.0234375 0.0125
0 0.9859375 0.002734375 0.0234375 0.00546875
0 0.983984375 0.005859375 0.02421875 0.01171875
2 0.007421875 0.918359375 0.01484375 0.02578125
2 0.005078125 0.7359375 0.01015625 0.01875
2 0.02109375 0.849609375 0.0421875 0.07265625
2 0.0046875 0.92578125 0.009375 0.01875
2 0.007421875 0.980078125 0.01484375 0.02578125
2 0.0046875 0.73125 0.009375 0.01875
2 0.00546875 0.550390625 0.0109375 0.01796875
2 0.005078125 0.705859375 0.01015625 0.01796875
2 0.005078125 0.790625 0.01015625 0.01875
2 0.0046875 0.892578125 0.009375 0.01796875
2 0.00546875 0.85390625 0.0109375 0.025
2 0.006640625 0.795703125 0.01328125 0.03203125
2 0.005078125 0.967578125 0.01015625 0.01953125
2 0.00625 0.915625 0.0125 0.0234375
2 0.0046875 0.675 0.009375 0.015625
2 0.005859375 0.719921875 0.01171875 0.02109375
2 0.004296875 0.93125 0.00859375 0.0140625
2 0.005078125 0.8640625 0.01015625 0.015625
2 0.006640625 0.579296875 0.01328125 0.02578125
2 0.00625 0.760546875 0.0125 0.02421875
2 0.005859375 0.903125 0.01171875 0.01875
2 0.00859375 0.65234375 0.0171875 0.03125
2 0.025 0.65078125 0.0265625 0.025
2 0.05078125 0.7828125 0.02265625 0.01796875
2 0.090625 0.69296875 0.0234375 0.0171875
2 0.12578125 0.8078125 0.02109375 0.021875
2 0.046875 0.85234375 0.05625 0.06640625
2 0.00546875 0.941796875 0.0109375 0.02109375
2 0.010546875 0.983203125 0.02109375 0.01640625
2 0.134375 0.96640625 0.021875 0.02265625
2 0.15625 0.596875 0.01875 0.01484375
2 0.23046875 0.68671875 0.04140625 0.0328125
2 0.2875 0.91953125 0.03203125 0.034375
2 0.3078125 0.734375 0.034375 0.0375
2 0.31171875 0.8359375 0.034375 0.01953125
2 0.3453125 0.8703125 0.0234375 0.01953125
2 0.3640625 0.605078125 0.009375 0.02421875
2 0.365625 0.70234375 0.0125 0.028125
2 0.3640625 0.63515625 0.009375 0.0171875
2 0.36484375 0.746484375 0.0109375 0.01796875
2 0.36796875 0.80078125 0.0171875 0.0265625
2 0.365234375 0.84765625 0.01171875 0.0265625
2 0.36953125 0.905078125 0.0203125 0.03203125
2 0.3703125 0.95234375 0.021875 0.0296875
2 0.364453125 0.86171875 0.01015625 0.021875
2 0.365234375 0.789453125 0.01171875 0.01953125
2 0.368359375 0.8828125 0.01796875 0.034375
2 0.38359375 0.740625 0.02421875 0.02109375
2 0.41796875 0.81953125 0.03359375 0.03671875
2 0.41640625 0.6421875 0.0234375 0.02109375
2 0.51640625 0.62890625 0.01953125 0.015625
2 0.45234375 0.70390625 0.02265625 0.01953125
2 0.4671875 0.903125 0.02421875 0.025
2 0.43984375 0.989453125 0.03125 0.02109375
2 0.5109375 0.828125 0.0359375 0.02734375
2 0.52734375 0.9359375 0.02578125 0.02578125
2 0.541796875 0.996875 0.01953125 0.00625
2 0.6203125 0.66015625 0.02578125 0.02734375
2 0.56953125 0.7765625 0.046875 0.04375
2 0.58984375 0.97890625 0.0234375 0.01953125
2 0.63515625 0.85546875 0.0328125 0.034375
2 0.71328125 0.60859375 0.02265625 0.02890625
2 0.67734375 0.69140625 0.021875 0.02421875
2 0.71015625 0.84453125 0.02109375 0.01796875
2 0.68828125 0.9765625 0.025 0.025
2 0.77421875 0.78828125 0.03046875 0.0296875
2 0.821875 0.92265625 0.01953125 0.021875
2 0.84296875 0.8359375 0.021875 0.0359375
2 0.87734375 0.70859375 0.03515625 0.02578125
2 0.91484375 0.784375 0.0375 0.02734375
2 0.94375 0.91171875 0.0359375 0.03046875