3 0.31796875 0.04140625 0.0390625 0.0375
3 0.2671875 0.1484375 0.04140625 0.0453125
3 0.375 0.0953125 0.02265625 0.028125
3 0.4765625 0.0765625 0.0375 0.03671875
3 0.525 0.06875 0.04296875 0.04453125
3 0.425 0.12578125 0.0390625 0.0390625
3 0.52578125 0.14609375 0.0359375 0.040625
3 0.3875 0.20390625 0.03828125 0.0390625
3 0.31640625 0.2421875 0.0296875 0.0328125
3 0.225 0.28984375 0.03828125 0.0421875
3 0.1765625 0.24296875 0.01953125 0.0375
3 0.365625 0.315625 0.03359375 0.034375
3 0.53125 0.3125 0.0375 0.0375
3 0.5875 0.21328125 0.03671875 0.040625
3 0.6 0.11015625 0.034375 0.03984375
3 0.6859375 0.23203125 0.0375 0.040625
3 0.778125 0.20234375 0.03359375 0.03359375
3 0.625 0.26796875 0.01796875 0.021875
3 0.6125 0.35234375 0.01953125 0.021875
3 0.59453125 0.38046875 0.02265625 0.02421875
3 0.7265625 0.3859375 0.02734375 0.028125
3 0.7640625 0.38125 0.0234375 0.02578125
3 0.63359375 0.465625 0.03828125 0.04296875
3 0.734375 0.5109375 0.0453125 0.04765625
3 0.64140625 0.54140625 0.02734375 0.03125
3 0.73984375 0.6 0.0390625 0.04296875
3 0.59921875 0.60859375 0.04140625 0.04296875
3 0.40078125 0.4875 0.04453125 0.04609375
3 0.42265625 0.53828125 0.0171875 0.021875
3 0.2640625 0.4421875 0.01953125 0.02265625
3 0.309375 0.48359375 0.01953125 0.0203125
3 0.3078125 0.55 0.02109375 0.025
3 0.24140625 0.38359375 0.0390625 0.03984375
3 0.2140625 0.48515625 0.0484375 0.0453125
3 0.20859375 0.5375 0.01875 0.02265625
3 0.1953125 0.6109375 0.0265625 0.028125
3 0.234375 0.7984375 0.03984375 0.04453125
3 0.1828125 0.8265625 0.0296875 0.03828125
3 0.19921875 0.884375 0.01953125 0.02578125
3 0.25625 0.93359375 0.021875 0.028125
3 0.309375 0.83359375 0.03359375 0.03359375
3 0.353125 0.8765625 0.0390625 0.04140625
3 0.35234375 0.76328125 0.03828125 0.0390625
3 0.3671875 0.690625 0.0375 0.03984375
3 0.41328125 0.79921875 0.03828125 0.0375
3 0.4734375 0.83046875 0.03828125 0.03671875
3 0.59375 0.7453125 0.03046875 0.03984375
3 0.57734375 0.8671875 0.05 0.05
3 0.6921875 0.753125 0.046875 0.0453125