3 0.009375 0.5578125 0.01875 0.0234375
3 0.053125 0.54140625 0.03359375 0.034375
3 0.21875 0.54453125 0.0375 0.0375
3 0.3 0.5046875 0.01953125 0.021875
3 0.28203125 0.4765625 0.02265625 0.02421875
3 0.4140625 0.47109375 0.02734375 0.028125
3 0.4515625 0.47578125 0.0234375 0.02578125
3 0.32109375 0.39140625 0.03828125 0.04296875
3 0.421875 0.34609375 0.0453125 0.04765625
3 0.32890625 0.315625 0.02734375 0.03125
3 0.42734375 0.25703125 0.0390625 0.04296875
3 0.28671875 0.2484375 0.04140625 0.04296875
3 0.08828125 0.36953125 0.04453125 0.04609375
3 0.11015625 0.31875 0.0171875 0.021875
3 0.0046875 0.414453125 0.009375 0.02265625
3 0.0046875 0.3734375 0.009375 0.0203125
3 0.005078125 0.30703125 0.01015625 0.025
3 0.009765625 0.473046875 0.01953125 0.03984375
3 0.012109375 0.371875 0.02421875 0.0453125
3 0.0046875 0.319140625 0.009375 0.02265625
3 0.006640625 0.24609375 0.01328125 0.028125
3 0.009765625 0.058203125 0.01953125 0.04453125
3 0.007421875 0.030078125 0.01484375 0.03828125
3 0.0046875 0.00625 0.009375 0.0125
3 0.00546875 0.00703125 0.0109375 0.0140625
3 0.008203125 0.023046875 0.01640625 0.03359375
3 0.040625 0.01015625 0.0390625 0.0203125
3 0.03984375 0.09375 0.03828125 0.0390625
3 0.0546875 0.16640625 0.0375 0.03984375
3 0.10078125 0.0578125 0.03828125 0.0375
3 0.1609375 0.0265625 0.03828125 0.03671875
3 0.28125 0.11171875 0.03046875 0.03984375
3 0.26484375 0.0125 0.05 0.025
3 0.3796875 0.10390625 0.046875 0.0453125
1 0.574609375 0.5203125 0.01015625 0.0453125
1 0.573828125 0.471484375 0.00859375 0.02265625
1 0.5765625 0.46640625 0.0140625 0.0296875
1 0.57578125 0.455859375 0.0125 0.02734375
1 0.575390625 0.4953125 0.01171875 0.0265625
1 0.6015625 0.521875 0.015625 0.0375
1 0.684375 0.5265625 0.0234375 0.0234375
1 0.573828125 0.372265625 0.00859375 0.02109375
1 0.575390625 0.43203125 0.01171875 0.028125
1 0.6359375 0.4515625 0.02578125 0.02734375
1 0.7109375 0.4421875 0.01953125 0.0234375
1 0.574609375 0.32578125 0.01015625 0.021875
1 0.573828125 0.309375 0.00859375 0.01875
1 0.5734375 0.273046875 0.0078125 0.01640625
1 0.6078125 0.340625 0.0171875 0.01875
1 0.67265625 0.35859375 0.02109375 0.02421875
1 0.576171875 0.241796875 0.01328125 0.02734375
1 0.574609375 0.278515625 0.01015625 0.03046875
1 0.575390625 0.23359375 0.01171875 0.028125
1 0.573828125 0.233984375 0.00859375 0.01953125
1 0.577734375 0.35234375 0.01640625 0.0328125
1 0.60234375 0.2625 0.0234375 0.01875
1 0.7671875 0.28515625 0.01875 0.02578125
1 0.573828125 0.198828125 0.00859375 0.02109375
1 0.63125 0.1921875 0.0171875 0.025
1 0.72734375 0.2140625 0.03359375 0.02265625
1 0.78828125 0.21171875 0.05859375 0.05234375
1 0.71015625 0.1671875 0.02265625 0.02734375
1 0.859375 0.15234375 0.02578125 0.02265625
1 0.5734375 0.13671875 0.0078125 0.0171875
1 0.57265625 0.094921875 0.00625 0.01796875
1 0.575 0.104296875 0.0109375 0.02109375
1 0.5875 0.1046875 0.01953125 0.03671875
1 0.659375 0.11171875 0.03046875 0.01875
1 0.64453125 0.0515625 0.02109375 0.0203125
1 0.70625 0.03671875 0.03359375 0.01796875
1 0.74296875 0.006640625 0.021875 0.01328125
1 0.670703125 0.0140625 0.02109375 0.028125
1 0.573828125 0.01171875 0.00859375 0.01875
1 0.573046875 0.015625 0.00703125 0.025
1 0.575390625 0.00859375 0.01171875 0.0171875
1 0.574609375 0.0046875 0.01015625 0.009375
1 0.5765625 0.00546875 0.0140625 0.0109375
1 0.575 0.005859375 0.0109375 0.01171875
1 0.574609375 0.005859375 0.01015625 0.01171875
1 0.659375 0.006640625 0.0140625 0.01328125
1 0.574609375 0.00546875 0.01015625 0.0109375
1 0.57578125 0.00546875 0.0125 0.0109375
1 0.574609375 0.00546875 0.01015625 0.0109375
1 0.580859375 0.00625 0.01953125 0.0125
1 0.637890625 0.008984375 0.02421875 0.01796875
1 0.73125 0.00859375 0.0359375 0.0171875
1 0.576171875 0.005859375 0.01328125 0.01171875
1 0.574609375 0.007421875 0.01015625 0.01484375
1 0.575390625 0.00625 0.01171875 0.0125
1 0.584765625 0.007421875 0.03046875 0.01484375
1 0.28125 0.953125 0.0171875 0.01796875
1 0.23984375 0.928125 0.034375 0.03125
1 0.09375 0.90703125 0.0671875 0.06796875
1 0.0046875 0.9234375 0.009375 0.0203125
1 0.006640625 0.86796875 0.01328125 0.06875
1 0.003515625 0.85390625 0.00703125 0.0390625
1 0.011328125 0.74765625 0.02265625 0.05625
1 0.0046875 0.808203125 0.009375 0.02109375
1 0.05625 0.825 0.02109375 0.02109375
1 0.1453125 0.79375 0.01875 0.01640625
1 0.2375 0.80859375 0.0359375 0.03359375
1 0.146875 0.715625 0.0296875 0.03125
1 0.005859375 0.6609375 0.01171875 0.03125
1 0.3671875 0.86328125 0.028125 0.03046875
1 0.303125 0.68125 0.03203125 0.0296875
1 0.221875 0.66875 0.0203125 0.021875
1 0.096875 0.61875 0.03359375 0.03671875
1 0.30234375 0.575390625 0.021875 0.01171875
1 0.2203125 0.58203125 0.0375 0.025
1 0.1171875 0.57578125 0.021875 0.0125
1 0.037109375 0.57421875 0.01796875 0.009375
1 0.00546875 0.603125 0.0109375 0.028125
1 0.00546875 0.600390625 0.0109375 0.02109375
1 0.0359375 0.5984375 0.071875 0.0578125
1 0.07890625 0.585546875 0.0359375 0.03203125
1 0.00703125 0.57578125 0.0140625 0.0125
1 0.20390625 0.5859375 0.0625 0.0328125
3 0.969921875 0.9953125 0.04296875 0.009375
3 0.91796875 0.90546875 0.04453125 0.0421875
3 0.790625 0.95390625 0.0453125 0.04296875
3 0.580078125 0.9015625 0.02109375 0.0421875
3 0.66484375 0.87890625 0.03125 0.02890625
3 0.63515625 0.79765625 0.03671875 0.03828125
3 0.585546875 0.753125 0.03203125 0.040625
3 0.8359375 0.81171875 0.0234375 0.028125
3 0.88203125 0.81015625 0.02109375 0.02265625
3 0.803125 0.66875 0.03828125 0.040625
3 0.90703125 0.70390625 0.04296875 0.04453125
3 0.991015625 0.772265625 0.01796875 0.03359375
3 0.99296875 0.65390625 0.0140625 0.034375
3 0.970703125 0.580859375 0.03984375 0.02265625
3 0.827734375 0.5890625 0.04296875 0.0390625
3 0.83203125 0.579296875 0.0375 0.01953125
3 0.71796875 0.5796875 0.0390625 0.0203125
3 0.6390625 0.6171875 0.0359375 0.03984375