3 0.501171875 0.010546875 0.04765625 0.02109375
3 0.50390625 0.02578125 0.02421875 0.02421875
3 0.50625 0.1359375 0.046875 0.04140625
3 0.453125 0.034375 0.0390625 0.04296875
3 0.39765625 0.159375 0.03984375 0.0390625
3 0.53359375 0.291796875 0.0328125 0.03359375
3 0.38515625 0.009375 0.0359375 0.01875
3 0.278515625 0.010546875 0.05234375 0.02109375
3 0.2625 0.08046875 0.04140625 0.040625
3 0.32734375 0.18125 0.034375 0.0359375
3 0.32265625 0.2296875 0.03515625 0.02890625
3 0.3953125 0.4390625 0.0375 0.03515625
3 0.26171875 0.384375 0.04765625 0.04296875
3 0.2171875 0.240625 0.04375 0.04609375
3 0.15234375 0.33359375 0.03515625 0.03671875
3 0.13359375 0.284375 0.040625 0.03359375
3 0.078515625 0.008203125 0.03671875 0.01640625
3 0.12265625 0.01328125 0.040625 0.0265625
3 0.12578125 0.09140625 0.03984375 0.0359375
3 0.13203125 0.16171875 0.04140625 0.040625
3 0.04765625 0.2078125 0.04375 0.04765625
3 0.0453125 0.3296875 0.028125 0.0265625
0 0.2453125 0.48046875 0.02109375 0.02109375
0 0.98828125 0.0046875 0.0234375 0.009375
0 0.9828125 0.04296875 0.02734375 0.0328125
0 0.975 0.22265625 0.02890625 0.025
0 0.9625 0.28515625 0.0453125 0.05078125
0 0.9640625 0.41015625 0.03203125 0.03828125
0 0.92734375 0.500390625 0.0421875 0.01796875
0 0.8421875 0.3109375 0.053125 0.04296875
0 0.78359375 0.40078125 0.028125 0.02421875
0 0.79375 0.50390625 0.028125 0.0109375
0 0.86640625 0.11796875 0.02421875 0.025
0 0.743359375 0.00625 0.02890625 0.0125
0 0.74375 0.071875 0.028125 0.03359375
0 0.74609375 0.21640625 0.0328125 0.05234375
0 0.72109375 0.46796875 0.02265625 0.021875
0 0.68125 0.23046875 0.02109375 0.025
0 0.65546875 0.3421875 0.02265625 0.0328125
0 0.584375 0.4796875 0.021875 0.01953125
0 0.558203125 0.390625 0.01640625 0.0296875
0 0.57109375 0.1671875 0.04140625 0.04453125
0 0.559765625 0.492578125 0.01953125 0.03359375
0 0.558984375 0.380859375 0.01796875 0.02578125
0 0.565625 0.244921875 0.03125 0.03359375
0 0.56484375 0.312890625 0.0296875 0.05234375
0 0.5578125 0.434375 0.015625 0.03125
0 0.562890625 0.358984375 0.02578125 0.04453125
0 0.55546875 0.2171875 0.0109375 0.0265625
0 0.55546875 0.127734375 0.0109375 0.03671875
0 0.56484375 0.130078125 0.0296875 0.04140625
0 0.59140625 0.01328125 0.021875 0.0203125
0 0.561328125 0.008984375 0.02265625 0.01796875
0 0.559765625 0.205078125 0.01953125 0.03046875
0 0.55546875 0.1453125 0.0109375 0.0171875
0 0.559765625 0.051953125 0.01953125 0.04765625
0 0.558984375 0.007421875 0.01796875 0.01484375
0 0.557421875 0.460546875 0.01484375 0.02109375
2 0.544921875 0.514453125 0.01015625 0.01015625
2 0.52578125 0.51640625 0.025 0.0140625
2 0.53125 0.52890625 0.021875 0.02109375
2 0.53046875 0.5765625 0.0234375 0.03671875
2 0.5140625 0.794140625 0.071875 0.07578125
2 0.48671875 0.71015625 0.0203125 0.01953125
2 0.41640625 0.83984375 0.021875 0.02109375
2 0.35625 0.85 0.021875 0.0203125
2 0.4671875 0.56015625 0.01796875 0.0203125
2 0.4421875 0.5453125 0.025 0.02109375
2 0.433984375 0.5140625 0.02109375 0.009375
2 0.443359375 0.516015625 0.03046875 0.01328125
2 0.41796875 0.5140625 0.0203125 0.009375
2 0.380859375 0.514453125 0.02109375 0.01015625
2 0.39375 0.5671875 0.02421875 0.02421875
2 0.36328125 0.6609375 0.04140625 0.03125
2 0.351953125 0.51484375 0.02421875 0.0109375
2 0.31796875 0.515234375 0.0203125 0.01171875
2 0.308984375 0.512890625 0.01796875 0.00703125
2 0.28828125 0.515625 0.0265625 0.0125
2 0.246875 0.513671875 0.0203125 0.00859375
2 0.26484375 0.5609375 0.0171875 0.0140625
2 0.28671875 0.696875 0.0265625 0.025
2 0.22734375 0.513671875 0.01875 0.00859375
2 0.22265625 0.5625 0.01953125 0.0234375
2 0.22421875 0.6484375 0.0203125 0.0171875
2 0.21328125 0.7796875 0.0359375 0.0234375
2 0.21015625 0.83984375 0.021875 0.028125
2 0.1671875 0.53984375 0.04375 0.0375
2 0.1765625 0.5140625 0.021875 0.009375
2 0.1703125 0.5140625 0.021875 0.009375
2 0.123828125 0.514453125 0.02265625 0.01015625
2 0.076953125 0.51328125 0.02265625 0.0078125
2 0.0875 0.51484375 0.028125 0.0109375
2 0.08359375 0.53359375 0.01796875 0.01796875
2 0.1 0.5796875 0.01953125 0.01875
2 0.08671875 0.6703125 0.0203125 0.02265625
2 0.09765625 0.7671875 0.0234375 0.03671875
2 0.05859375 0.82734375 0.02109375 0.01796875
2 0.07265625 0.90859375 0.0234375 0.01953125
2 0.01640625 0.74375 0.02109375 0.0234375
2 0.005078125 0.5421875 0.01015625 0.0171875
2 0.00546875 0.515234375 0.0109375 0.01171875
2 0.0078125 0.5171875 0.015625 0.015625
2 0.0046875 0.514453125 0.009375 0.01015625
2 0.005078125 0.5140625 0.01015625 0.009375
2 0.00703125 0.5140625 0.0140625 0.009375
2 0.005859375 0.516796875 0.01171875 0.01484375
2 0.0046875 0.5765625 0.009375 0.0171875
2 0.00625 0.561328125 0.0125 0.02109375
2 0.011328125 0.5234375 0.02265625 0.028125
2 0.0078125 0.59453125 0.015625 0.0296875
2 0.005078125 0.65859375 0.01015625 0.021875
2 0.00625 0.709765625 0.0125 0.02421875
2 0.006640625 0.757421875 0.01328125 0.02734375
2 0.00625 0.838671875 0.0125 0.02109375
2 0.008203125 0.803125 0.01640625 0.028125
2 0.0078125 0.719140625 0.015625 0.03828125
1 0.96171875 0.51484375 0.0234375 0.0109375
1 0.99453125 0.519921875 0.0109375 0.02109375
1 0.9359375 0.77109375 0.01640625 0.0171875
1 0.91484375 0.88984375 0.0296875 0.0296875
1 0.8421875 0.884375 0.028125 0.0203125
1 0.87109375 0.71328125 0.01640625 0.01640625
1 0.8875 0.653125 0.02109375 0.0171875
1 0.85390625 0.64140625 0.02109375 0.0265625
1 0.83515625 0.71796875 0.015625 0.01484375
1 0.758203125 0.5140625 0.02421875 0.009375
1 0.72890625 0.515234375 0.0234375 0.01171875
1 0.764453125 0.51484375 0.01953125 0.0109375
1 0.7953125 0.60390625 0.01875 0.01640625
1 0.6984375 0.6796875 0.01953125 0.0171875
1 0.614453125 0.513671875 0.01953125 0.00859375
1 0.556640625 0.515625 0.01328125 0.0125
1 0.578125 0.516796875 0.028125 0.01484375
1 0.56328125 0.6390625 0.0234375 0.0203125
1 0.557421875 0.531640625 0.01484375 0.03046875
1 0.55703125 0.51640625 0.0140625 0.0140625
1 0.5546875 0.5140625 0.009375 0.009375
1 0.55546875 0.515234375 0.0109375 0.01171875
1 0.55625 0.515234375 0.0125 0.01171875
1 0.55546875 0.537109375 0.0109375 0.02265625
1 0.5546875 0.63515625 0.009375 0.01875
1 0.55703125 0.613671875 0.0140625 0.02109375
1 0.558203125 0.6765625 0.01640625 0.0203125
1 0.555078125 0.514453125 0.01015625 0.01015625
1 0.555859375 0.661328125 0.01171875 0.02734375
1 0.55546875 0.705078125 0.0109375 0.02734375
1 0.55390625 0.73203125 0.0078125 0.0171875
1 0.5796875 0.83046875 0.0203125 0.01484375
1 0.57265625 0.91015625 0.01796875 0.01484375
1 0.555078125 0.820703125 0.01015625 0.02109375
1 0.555078125 0.815234375 0.01015625 0.02109375
1 0.555078125 0.8671875 0.01015625 0.0234375
1 0.66015625 0.64453125 0.025 0.02109375
1 0.6671875 0.878125 0.01953125 0.0234375
1 0.803125 0.7640625 0.02578125 0.0265625
1 0.79765625 0.81796875 0.0171875 0.01640625
1 0.79609375 0.8765625 0.02734375 0.02265625
1 0.65625 0.71015625 0.01875 0.0140625
1 0.55703125 0.51953125 0.0140625 0.0203125
1 0.55546875 0.5765625 0.0109375 0.0234375
1 0.5546875 0.628515625 0.009375 0.02265625
1 0.55625 0.776953125 0.0125 0.02265625
1 0.55703125 0.685546875 0.0140625 0.01953125
1 0.555859375 0.91328125 0.01171875 0.0109375
1 0.55546875 0.51328125 0.0109375 0.0078125