3 0.17578125 0.17578125 0.01796875 0.04453125
3 0.271875 0.15390625 0.040625 0.0390625
3 0.575 0.15234375 0.03828125 0.0421875
3 0.4875 0.2203125 0.03984375 0.046875
3 0.57578125 0.22265625 0.0328125 0.03671875
3 0.709375 0.21953125 0.0390625 0.034375
3 0.603125 0.33359375 0.03671875 0.03671875
3 0.68515625 0.325 0.0375 0.03828125
3 0.7421875 0.32265625 0.04140625 0.040625
3 0.34375 0.26484375 0.01875 0.021875
3 0.3328125 0.3421875 0.040625 0.0390625
3 0.19140625 0.4984375 0.04296875 0.04765625
3 0.2921875 0.49609375 0.02421875 0.02421875
3 0.40234375 0.49375 0.04140625 0.046875
3 0.30078125 0.546875 0.04296875 0.0390625
3 0.42578125 0.60234375 0.0390625 0.03984375
3 0.55859375 0.465625 0.03359375 0.034375
3 0.19765625 0.61484375 0.0375 0.0359375
3 0.221875 0.72109375 0.0421875 0.05234375
3 0.346875 0.7375 0.040625 0.04140625
3 0.44765625 0.67265625 0.0359375 0.034375
3 0.49609375 0.67734375 0.02890625 0.03515625
3 0.70546875 0.6046875 0.03515625 0.0375
3 0.65078125 0.73828125 0.04296875 0.04765625
3 0.50703125 0.7828125 0.04609375 0.04375
3 0.6 0.84765625 0.03671875 0.03515625
3 0.55078125 0.86640625 0.03359375 0.040625
3 0.1859375 0.92109375 0.0328125 0.03671875
3 0.27421875 0.87734375 0.0375 0.040625
3 0.3578125 0.87421875 0.0359375 0.03984375
3 0.428125 0.86796875 0.040625 0.04140625
3 0.47421875 0.95234375 0.04765625 0.04375
3 0.59609375 0.9546875 0.0265625 0.028125
0 0.746875 0.7546875 0.02109375 0.02109375