3 0.423046875 0.671484375 0.04765625 0.01640625
3 0.42578125 0.584375 0.02421875 0.02421875
3 0.428125 0.47421875 0.046875 0.04140625
3 0.375 0.57578125 0.0390625 0.04296875
3 0.31953125 0.45078125 0.03984375 0.0390625
3 0.44921875 0.317578125 0.0203125 0.03359375
3 0.30703125 0.669921875 0.0359375 0.01953125
3 0.20078125 0.6546875 0.05234375 0.0421875
3 0.184375 0.5296875 0.04140625 0.040625
3 0.24921875 0.42890625 0.034375 0.0359375
3 0.24453125 0.38046875 0.03515625 0.02890625
3 0.3171875 0.17109375 0.0375 0.03515625
3 0.18359375 0.22578125 0.04765625 0.04296875
3 0.1390625 0.36953125 0.04375 0.04609375
3 0.07421875 0.2765625 0.03515625 0.03671875
3 0.05546875 0.32578125 0.040625 0.03359375
3 0.04453125 0.60234375 0.040625 0.0375
3 0.04765625 0.51875 0.03984375 0.0359375
3 0.05390625 0.4484375 0.04140625 0.040625
3 0.0109375 0.401953125 0.021875 0.04765625
3 0.00703125 0.28046875 0.0140625 0.0265625
0 0.1671875 0.1296875 0.02109375 0.02109375
1 0.91328125 0.53828125 0.021875 0.028125
1 0.94921875 0.3390625 0.028125 0.0234375
1 0.8140625 0.4609375 0.02578125 0.0234375
1 0.8953125 0.17890625 0.021875 0.02421875
1 0.9453125 0.1578125 0.01953125 0.021875
1 0.7609375 0.0609375 0.025 0.0203125
1 0.68203125 0.1140625 0.02265625 0.02421875
1 0.73515625 0.22578125 0.034375 0.03203125
1 0.70625 0.40859375 0.02421875 0.02265625
1 0.65859375 0.40234375 0.01796875 0.0171875
1 0.60703125 0.37578125 0.025 0.02109375
1 0.55859375 0.2828125 0.02109375 0.0171875
1 0.5421875 0.1078125 0.01875 0.015625
1 0.75234375 0.5953125 0.03671875 0.01875
1 0.69453125 0.55078125 0.0453125 0.01640625
1 0.6765625 0.51015625 0.0140625 0.01328125
1 0.5921875 0.54453125 0.0171875 0.0171875
1 0.465625 0.601171875 0.0125 0.02421875
1 0.4703125 0.528125 0.01796875 0.02109375
1 0.464453125 0.415625 0.01015625 0.01875
1 0.4640625 0.3046875 0.009375 0.0125
1 0.464453125 0.561328125 0.01015625 0.01640625
1 0.469921875 0.442578125 0.02109375 0.04609375
1 0.46484375 0.203515625 0.0109375 0.01953125
1 0.46484375 0.06953125 0.0109375 0.0234375
1 0.465625 0.251953125 0.0125 0.02421875
1 0.465625 0.3171875 0.0125 0.0234375
1 0.463671875 0.144921875 0.00859375 0.01640625
1 0.4671875 0.265625 0.015625 0.028125
1 0.4671875 0.37109375 0.015625 0.0265625
1 0.46640625 0.48828125 0.0140625 0.01875
1 0.466796875 0.51640625 0.01484375 0.025
0 0.443359375 0.96484375 0.03203125 0.06875
0 0.35703125 0.871875 0.028125 0.03046875
0 0.3203125 0.94140625 0.0625 0.059375
0 0.21171875 0.985546875 0.046875 0.02890625
0 0.25 0.8546875 0.03125 0.03203125
0 0.109375 0.9015625 0.021875 0.021875
0 0.0828125 0.990234375 0.0359375 0.01953125
0 0.01484375 0.93046875 0.0296875 0.0703125
0 0.00859375 0.886328125 0.0171875 0.02890625
0 0.00859375 0.963671875 0.0171875 0.04453125
0 0.00859375 0.890234375 0.0171875 0.03359375
1 0.98828125 0.6875 0.0234375 0.015625
1 0.925 0.684765625 0.0234375 0.01015625
1 0.890234375 0.689453125 0.04296875 0.01953125
1 0.875390625 0.68671875 0.03828125 0.0140625
1 0.946875 0.723046875 0.053125 0.08671875
1 0.96328125 0.8765625 0.034375 0.025
1 0.8390625 0.7671875 0.02109375 0.0234375
1 0.758984375 0.68671875 0.02109375 0.0140625
1 0.6546875 0.85390625 0.11796875 0.1
1 0.65546875 0.7640625 0.02421875 0.01640625
1 0.546875 0.7234375 0.01953125 0.01796875
1 0.4640625 0.805078125 0.009375 0.02109375
1 0.46484375 0.69765625 0.0109375 0.0234375
1 0.512109375 0.6859375 0.02890625 0.0125
1 0.5171875 0.687890625 0.0375 0.01640625
1 0.46640625 0.6859375 0.0140625 0.0125
1 0.758984375 0.69375 0.09609375 0.028125
1 0.692578125 0.685546875 0.03046875 0.01171875
1 0.567578125 0.684765625 0.02109375 0.01015625
1 0.46953125 0.69140625 0.0203125 0.0234375
1 0.4640625 0.683984375 0.009375 0.00859375
1 0.46484375 0.68515625 0.0109375 0.0109375