3 0.44921875 0.040625 0.03359375 0.03671875
3 0.3796875 0.16796875 0.053125 0.05390625
3 0.4953125 0.14296875 0.03984375 0.040625
3 0.4265625 0.23984375 0.04765625 0.0515625
3 0.61484375 0.23984375 0.03359375 0.03671875
3 0.68828125 0.1765625 0.04375 0.04765625
3 0.80078125 0.075 0.040625 0.03828125
3 0.82265625 0.16640625 0.01953125 0.04765625
3 0.8234375 0.25078125 0.01953125 0.03984375
3 0.7296875 0.35859375 0.0421875 0.03984375
3 0.63828125 0.4046875 0.04296875 0.0390625
3 0.50859375 0.34375 0.0421875 0.0453125
3 0.5859375 0.509375 0.04453125 0.0421875
3 0.31484375 0.31171875 0.03203125 0.03359375
3 0.31328125 0.390625 0.04453125 0.03984375
3 0.45859375 0.4609375 0.0453125 0.04296875
3 0.23984375 0.51328125 0.0375 0.0421875
3 0.3328125 0.5359375 0.03125 0.02890625
3 0.303125 0.6171875 0.03671875 0.03828125
3 0.25 0.66171875 0.0390625 0.040625
3 0.50390625 0.603125 0.0234375 0.028125
3 0.55 0.6046875 0.02109375 0.02265625
3 0.47109375 0.74609375 0.03828125 0.040625
3 0.575 0.7109375 0.04296875 0.04453125
3 0.6671875 0.6421875 0.034375 0.03359375
3 0.734375 0.62421875 0.0421875 0.040625
3 0.79765625 0.57578125 0.03984375 0.03671875
3 0.671875 0.7609375 0.03515625 0.034375
3 0.82265625 0.83828125 0.01953125 0.0234375
3 0.6390625 0.859375 0.03984375 0.04609375
3 0.6765625 0.9578125 0.03515625 0.03203125
3 0.49609375 0.82734375 0.04296875 0.04296875
3 0.5 0.9265625 0.0375 0.0390625
3 0.3859375 0.86875 0.0390625 0.040625
3 0.30703125 0.79765625 0.0359375 0.03984375