3 0.1796875 0.090625 0.02578125 0.04140625
3 0.2515625 0.1578125 0.0390625 0.03828125
3 0.35546875 0.07109375 0.04375 0.04296875
3 0.39765625 0.1625 0.0140625 0.02109375
3 0.521875 0.1203125 0.03984375 0.046875
3 0.5921875 0.071875 0.02578125 0.028125
3 0.54296875 0.1625 0.02421875 0.0234375
3 0.61171875 0.1359375 0.03046875 0.0296875
3 0.475 0.2375 0.02109375 0.02578125
3 0.71484375 0.171875 0.04609375 0.04296875
3 0.61796875 0.2640625 0.03828125 0.0359375
3 0.7296875 0.27421875 0.040625 0.040625
3 0.48828125 0.30546875 0.0421875 0.03828125
3 0.54453125 0.36796875 0.03125 0.03125
3 0.628125 0.37109375 0.03359375 0.03359375
3 0.39375 0.27265625 0.04921875 0.04921875
3 0.2703125 0.31875 0.02265625 0.02109375
3 0.1734375 0.24296875 0.01328125 0.03359375
3 0.17734375 0.41953125 0.021875 0.040625
3 0.28359375 0.4984375 0.04140625 0.0421875
3 0.42265625 0.40078125 0.0296875 0.03046875
3 0.434375 0.4703125 0.03515625 0.0359375
3 0.50546875 0.4734375 0.034375 0.0375
3 0.70859375 0.46484375 0.04140625 0.04609375
3 0.596875 0.5296875 0.03125 0.0296875
3 0.6578125 0.53671875 0.034375 0.03515625
3 0.7734375 0.56640625 0.03828125 0.0390625
3 0.79453125 0.640625 0.03203125 0.0390625
3 0.70703125 0.61171875 0.04296875 0.046875
3 0.628125 0.634375 0.04609375 0.04609375
3 0.56328125 0.56171875 0.0359375 0.0328125
3 0.45 0.5953125 0.03359375 0.0359375
3 0.46875 0.646875 0.040625 0.04375
3 0.40078125 0.63671875 0.03828125 0.03828125
3 0.565625 0.70078125 0.0390625 0.0390625
3 0.70390625 0.7671875 0.04375 0.04453125
3 0.421875 0.721875 0.01796875 0.0203125
3 0.32734375 0.5875 0.046875 0.05
3 0.21015625 0.62890625 0.01796875 0.02109375
3 0.23046875 0.74140625 0.03515625 0.0359375
3 0.31015625 0.76953125 0.01953125 0.021875
3 0.20234375 0.79453125 0.03046875 0.0328125
3 0.3234375 0.8796875 0.03359375 0.03515625
3 0.20546875 0.915625 0.0234375 0.028125
3 0.240625 0.91015625 0.0453125 0.0453125
3 0.42578125 0.8859375 0.040625 0.0390625
3 0.48828125 0.85 0.0390625 0.0375
3 0.5265625 0.92109375 0.03984375 0.03828125
3 0.63125 0.87109375 0.0453125 0.040625
3 0.6109375 0.96796875 0.021875 0.0203125
3 0.725 0.39609375 0.021875 0.0265625