3 0.284375 0.07109375 0.0421875 0.04140625
3 0.20625 0.14609375 0.0328125 0.03828125
3 0.17421875 0.103125 0.01484375 0.03671875
3 0.1703125 0.16484375 0.00703125 0.021875
3 0.36171875 0.0890625 0.03125 0.034375
3 0.434375 0.0625 0.0421875 0.04609375
3 0.4765625 0.1515625 0.034375 0.0359375
3 0.3484375 0.203125 0.03671875 0.03828125
3 0.56953125 0.11484375 0.040625 0.04453125
3 0.54765625 0.2015625 0.01875 0.01796875
3 0.62890625 0.228125 0.0375 0.04453125
3 0.721875 0.21796875 0.03203125 0.034375
3 0.775 0.1875 0.0359375 0.03671875
3 0.5890625 0.26796875 0.02734375 0.0265625
3 0.4875 0.26171875 0.0359375 0.0359375
3 0.54921875 0.32578125 0.03125 0.03515625
3 0.74453125 0.3265625 0.05 0.04453125
3 0.72890625 0.45078125 0.0265625 0.02734375
3 0.5015625 0.4671875 0.01484375 0.01484375
3 0.2703125 0.24296875 0.03125 0.034375
3 0.228125 0.321875 0.01640625 0.01953125
3 0.30703125 0.38828125 0.0390625 0.03828125
3 0.26171875 0.415625 0.0375 0.0375
3 0.22890625 0.4859375 0.01875 0.01796875
3 0.18671875 0.52265625 0.03359375 0.0421875
3 0.19453125 0.57421875 0.01640625 0.01953125
3 0.3109375 0.48671875 0.03671875 0.034375
3 0.3671875 0.5453125 0.03984375 0.0453125
3 0.43828125 0.57265625 0.01875 0.0234375
3 0.5125 0.54453125 0.0375 0.0359375
3 0.49296875 0.60078125 0.0421875 0.0421875
3 0.54765625 0.6375 0.01875 0.0203125
3 0.409375 0.66328125 0.02421875 0.021875
3 0.684375 0.5390625 0.0328125 0.03515625
3 0.7515625 0.56640625 0.0375 0.04140625
3 0.73984375 0.75234375 0.01640625 0.02109375
3 0.56171875 0.70234375 0.0484375 0.04765625
3 0.4890625 0.7359375 0.03359375 0.03046875
3 0.6 0.7640625 0.0390625 0.0421875
3 0.67578125 0.846875 0.0359375 0.0375
3 0.59296875 0.8421875 0.03515625 0.0328125
3 0.5390625 0.8375 0.03671875 0.0390625
3 0.22109375 0.62421875 0.0359375 0.03671875
3 0.2421875 0.6703125 0.021875 0.02421875
3 0.271875 0.709375 0.0265625 0.0296875
3 0.33671875 0.74140625 0.03515625 0.04140625
3 0.36796875 0.8078125 0.034375 0.03359375
3 0.31875 0.865625 0.046875 0.0453125
3 0.425 0.9453125 0.040625 0.03984375
3 0.58828125 0.98046875 0.01875 0.01796875
0 0.2375 0.85859375 0.01640625 0.01875