3 0.49296875 0.25234375 0.0328125 0.0328125
3 0.47734375 0.28828125 0.021875 0.00703125
3 0.490625 0.00859375 0.0359375 0.0171875
3 0.4390625 0.11015625 0.03828125 0.03671875
3 0.440234375 0.0046875 0.01796875 0.009375
3 0.413671875 0.009375 0.04453125 0.01875
3 0.42421875 0.0078125 0.034375 0.015625
3 0.454296875 0.008984375 0.03671875 0.01796875
3 0.37421875 0.006640625 0.0265625 0.01328125
3 0.38046875 0.008984375 0.0359375 0.01796875
3 0.316015625 0.0078125 0.03515625 0.015625
3 0.315234375 0.0125 0.04453125 0.025
3 0.191015625 0.006640625 0.02734375 0.01328125
3 0.174609375 0.003515625 0.01484375 0.00703125
3 0.39921875 0.18828125 0.034375 0.03125
3 0.3203125 0.23046875 0.01953125 0.01640625
3 0.25390625 0.1515625 0.03828125 0.0390625
3 0.2265625 0.196875 0.0375 0.0375
3 0.15625 0.2296875 0.01796875 0.01875
3 0.11953125 0.271875 0.0421875 0.03359375
3 0.06796875 0.2640625 0.01953125 0.01640625
3 0.15546875 0.14765625 0.034375 0.03671875
3 0.096875 0.09140625 0.0453125 0.03984375
3 0.06953125 0.0203125 0.0234375 0.01875
3 0.09765625 0.009375 0.0359375 0.01875
3 0.04140625 0.010546875 0.0421875 0.02109375
3 0.007421875 0.0046875 0.01484375 0.009375
3 0.00546875 0.048828125 0.0109375 0.02421875
3 0.102734375 0.008203125 0.03515625 0.01640625
3 0.075390625 0.009375 0.04140625 0.01875
3 0.005078125 0.00390625 0.01015625 0.0078125
3 0.01171875 0.012109375 0.0234375 0.02421875
3 0.007421875 0.008203125 0.01484375 0.01640625
3 0.010546875 0.009765625 0.02109375 0.01953125
3 0.009375 0.008984375 0.01875 0.01796875
3 0.008203125 0.00859375 0.01640625 0.0171875
3 0.009765625 0.008984375 0.01953125 0.01796875
3 0.01796875 0.2375 0.0359375 0.0359375
3 0.005859375 0.21640625 0.01171875 0.021875
3 0.007421875 0.18671875 0.01484375 0.0265625
3 0.01015625 0.121484375 0.0203125 0.03515625
3 0.008203125 0.090625 0.01640625 0.034375
3 0.011328125 0.13984375 0.02265625 0.046875
3 0.009765625 0.03359375 0.01953125 0.040625
3 0.004296875 0.0046875 0.00859375 0.009375
0 0.0046875 0.220703125 0.009375 0.01640625
3 0.986328125 0.064453125 0.02734375 0.03359375
3 0.987109375 0.009375 0.02578125 0.01875
3 0.953125 0.0046875 0.021875 0.009375
3 0.924609375 0.00546875 0.02421875 0.0109375
3 0.91953125 0.006640625 0.028125 0.01328125
3 0.923828125 0.005859375 0.02578125 0.01171875
3 0.839453125 0.009375 0.04296875 0.01875
3 0.794140625 0.011328125 0.04765625 0.02265625
3 0.7640625 0.006640625 0.03125 0.01328125
3 0.705078125 0.009765625 0.04296875 0.01953125
3 0.696484375 0.01015625 0.04296875 0.0203125
3 0.81796875 0.0296875 0.04609375 0.04453125
3 0.7671875 0.008203125 0.021875 0.01640625
3 0.86328125 0.16640625 0.02265625 0.01953125
3 0.821875 0.12109375 0.0203125 0.01953125
3 0.75546875 0.12265625 0.025 0.02109375
3 0.921875 0.1890625 0.03984375 0.0390625
3 0.8203125 0.21640625 0.0453125 0.0484375
3 0.76796875 0.221875 0.02265625 0.01875
3 0.69453125 0.23515625 0.028125 0.0265625
3 0.5203125 0.195703125 0.021875 0.03984375
3 0.51875 0.24765625 0.01875 0.0296875
3 0.515625 0.230859375 0.0125 0.01953125
3 0.51640625 0.17421875 0.0140625 0.021875
3 0.517578125 0.120703125 0.01640625 0.03359375
3 0.51953125 0.07734375 0.0203125 0.0390625
3 0.5421875 0.078125 0.0390625 0.03828125
3 0.61484375 0.06328125 0.03984375 0.0375
3 0.51875 0.01796875 0.01875 0.0359375
3 0.518359375 0.009375 0.01796875 0.01875
3 0.559765625 0.007421875 0.03984375 0.01484375
3 0.521875 0.0125 0.025 0.025
3 0.55234375 0.01171875 0.0453125 0.0234375
1 0.432421875 0.989453125 0.08828125 0.02109375
1 0.46875 0.946875 0.01953125 0.04609375
1 0.4828125 0.835546875 0.053125 0.05390625
1 0.42578125 0.73671875 0.03046875 0.0140625
1 0.42578125 0.6015625 0.046875 0.05859375
1 0.27890625 0.5515625 0.153125 0.0859375
1 0.34765625 0.70234375 0.02421875 0.01953125
1 0.31171875 0.7546875 0.03359375 0.03203125
1 0.24765625 0.659375 0.02578125 0.025
1 0.25390625 0.75625 0.02109375 0.021875
1 0.21875 0.78359375 0.02265625 0.0234375
1 0.28515625 0.878125 0.02265625 0.01953125
1 0.21640625 0.95546875 0.0171875 0.01875
1 0.13203125 0.8265625 0.0671875 0.14765625
1 0.02109375 0.92265625 0.03125 0.0140625
1 0.040625 0.80390625 0.0203125 0.01328125
1 0.046484375 0.646875 0.09296875 0.1234375
1 0.0046875 0.772265625 0.009375 0.02265625
1 0.00390625 0.88125 0.0078125 0.03125
1 0.005859375 0.873046875 0.01171875 0.02109375
1 0.012109375 0.75234375 0.02421875 0.090625
1 0.005078125 0.661328125 0.01015625 0.02421875
1 0.006640625 0.587890625 0.01328125 0.02109375
1 0.022265625 0.956640625 0.04453125 0.08671875
1 0.0078125 0.98984375 0.015625 0.0203125
1 0.0046875 0.91171875 0.009375 0.0140625
1 0.0078125 0.868359375 0.015625 0.03046875
1 0.006640625 0.746484375 0.01328125 0.02421875
1 0.00859375 0.783984375 0.0171875 0.02734375
1 0.00625 0.71875 0.0125 0.03125
1 0.005078125 0.6515625 0.01015625 0.0171875
1 0.008203125 0.56484375 0.01640625 0.03125
3 0.94375 0.79140625 0.0421875 0.04140625
3 0.971875 0.640625 0.0359375 0.03515625
3 0.96875 0.56953125 0.0375 0.034375
3 0.976953125 0.43984375 0.04609375 0.0203125
3 0.9125 0.478125 0.0296875 0.03125
3 0.905078125 0.43828125 0.03515625 0.0171875
3 0.87578125 0.4390625 0.0390625 0.01875
3 0.8015625 0.4375 0.0390625 0.015625
3 0.83046875 0.440234375 0.046875 0.02109375
3 0.807421875 0.449609375 0.04609375 0.03984375
3 0.88046875 0.51171875 0.0328125 0.0359375
3 0.846875 0.625 0.0359375 0.03359375
3 0.7953125 0.60625 0.04375 0.040625
3 0.80546875 0.67421875 0.03828125 0.03828125
3 0.74140625 0.509375 0.0390625 0.0390625
3 0.674609375 0.440625 0.04453125 0.021875
3 0.7203125 0.653125 0.0203125 0.01796875
3 0.8546875 0.74765625 0.05 0.046875
3 0.81328125 0.86484375 0.02109375 0.01796875
3 0.70078125 0.84453125 0.0359375 0.03515625
3 0.67265625 0.76484375 0.021875 0.01953125
3 0.64765625 0.87265625 0.0328125 0.03046875
3 0.5625 0.7515625 0.03515625 0.03359375
3 0.5265625 0.86953125 0.028125 0.0234375
3 0.53203125 0.834375 0.0453125 0.0453125
3 0.55625 0.64921875 0.0390625 0.040625
3 0.5921875 0.58671875 0.0375 0.0390625
3 0.524609375 0.548046875 0.03046875 0.03984375
3 0.57109375 0.448046875 0.040625 0.03671875
3 0.514453125 0.4640625 0.01015625 0.021875