3 0.010546875 0.01015625 0.02109375 0.0203125
3 0.008203125 0.044921875 0.01640625 0.03828125
3 0.003515625 0.01015625 0.00703125 0.0203125
3 0.0015625 0.0640625 0.003125 0.021875
3 0.0203125 0.00859375 0.03125 0.0171875
3 0.09296875 0.011328125 0.0421875 0.02265625
3 0.13515625 0.05078125 0.034375 0.0359375
3 0.0125 0.101953125 0.025 0.03828125
3 0.228125 0.01796875 0.040625 0.0359375
3 0.20625 0.10078125 0.01875 0.01796875
3 0.2875 0.12734375 0.0375 0.04453125
3 0.38046875 0.1171875 0.03203125 0.034375
3 0.43359375 0.08671875 0.0359375 0.03671875
3 0.24765625 0.1671875 0.02734375 0.0265625
3 0.14609375 0.1609375 0.0359375 0.0359375
3 0.2078125 0.225 0.03125 0.03515625
3 0.403125 0.22578125 0.05 0.04453125
3 0.3875 0.35 0.0265625 0.02734375
3 0.16015625 0.36640625 0.01484375 0.01484375
3 0.0078125 0.1421875 0.015625 0.034375
3 0.00390625 0.220703125 0.0078125 0.01953125
3 0.009765625 0.287109375 0.01953125 0.03828125
3 0.009375 0.31484375 0.01875 0.0375
3 0.0046875 0.384765625 0.009375 0.01796875
3 0.008203125 0.41015625 0.01640625 0.01875
3 0.008984375 0.3859375 0.01796875 0.034375
0 0.86171875 0.07109375 0.0359375 0.034375
0 0.8734375 0.11953125 0.02578125 0.02265625
0 0.77421875 0.1328125 0.03515625 0.0265625
0 0.71953125 0.23046875 0.0421875 0.0484375
0 0.9265625 0.18359375 0.02734375 0.04140625
0 0.65625 0.3984375 0.03203125 0.0296875
0 0.7453125 0.3484375 0.04140625 0.02578125
0 0.81328125 0.3625 0.0203125 0.0265625
0 0.9203125 0.34921875 0.02421875 0.02109375
0 0.8265625 0.415625 0.0171875 0.0078125
1 0.005078125 0.425390625 0.01015625 0.01171875
1 0.005078125 0.424609375 0.01015625 0.01015625
1 0.065625 0.424609375 0.0171875 0.01015625
1 0.006640625 0.42578125 0.01328125 0.0125
1 0.004296875 0.4234375 0.00859375 0.0078125
1 0.06328125 0.426171875 0.015625 0.01328125
1 0.283984375 0.424609375 0.02578125 0.01015625
1 0.36015625 0.42578125 0.0234375 0.0125
1 0.00390625 0.476953125 0.0078125 0.01953125
1 0.00859375 0.45078125 0.0171875 0.025
1 0.06875 0.47890625 0.02734375 0.02734375
1 0.0984375 0.53046875 0.0171875 0.0171875
1 0.15078125 0.5125 0.015625 0.0140625
1 0.225 0.4625 0.01796875 0.0359375
1 0.26875 0.51953125 0.01875 0.04375
1 0.1609375 0.60546875 0.015625 0.02109375
1 0.0046875 0.5953125 0.009375 0.0171875
1 0.006640625 0.607421875 0.01328125 0.02421875
1 0.004296875 0.6234375 0.00859375 0.0203125
1 0.005078125 0.646484375 0.01015625 0.01640625
1 0.0046875 0.741015625 0.009375 0.01640625
1 0.0359375 0.6515625 0.02265625 0.02734375
1 0.007421875 0.738671875 0.01484375 0.02421875
1 0.08515625 0.69296875 0.01484375 0.0140625
1 0.11328125 0.6515625 0.03671875 0.04375
1 0.275 0.621875 0.0171875 0.0171875
1 0.4109375 0.50859375 0.021875 0.025
1 0.31015625 0.53828125 0.01328125 0.01484375
1 0.4171875 0.55546875 0.01875 0.01953125
1 0.4046875 0.753125 0.01875 0.015625
1 0.290625 0.7453125 0.021875 0.01796875
1 0.21875 0.771875 0.02421875 0.02421875
1 0.00546875 0.832421875 0.0109375 0.02578125
1 0.003515625 0.828515625 0.00703125 0.02109375
1 0.00546875 0.891015625 0.0109375 0.02421875
1 0.10078125 0.83359375 0.01796875 0.021875
1 0.00625 0.971875 0.0125 0.021875
1 0.05078125 0.97109375 0.02578125 0.02109375
1 0.140625 0.994140625 0.04375 0.01171875
1 0.14375 0.94765625 0.0203125 0.0265625
1 0.259375 0.85390625 0.01484375 0.02109375
1 0.3765625 0.92265625 0.04453125 0.0421875
0 0.5125 0.4234375 0.00625 0.0078125
0 0.5140625 0.428125 0.009375 0.0171875
0 0.519921875 0.427734375 0.02109375 0.01640625
0 0.516015625 0.42734375 0.01328125 0.015625
0 0.514453125 0.424609375 0.01015625 0.01015625
0 0.597265625 0.426953125 0.03203125 0.01484375
0 0.630859375 0.426953125 0.02109375 0.01484375
0 0.748046875 0.4296875 0.02578125 0.0203125
0 0.519921875 0.427734375 0.02109375 0.01640625
0 0.609765625 0.42734375 0.03515625 0.015625
0 0.516796875 0.427734375 0.01484375 0.01640625
0 0.514453125 0.47578125 0.01015625 0.0234375
0 0.521875 0.505859375 0.025 0.04296875
0 0.515625 0.5671875 0.0125 0.025
0 0.5375 0.50390625 0.025 0.02890625
0 0.516796875 0.650390625 0.01484375 0.03359375
0 0.5546875 0.65859375 0.01640625 0.02109375
0 0.513671875 0.671875 0.00859375 0.0203125
0 0.51796875 0.762109375 0.0171875 0.03203125
0 0.514453125 0.78515625 0.01015625 0.021875
0 0.514453125 0.82890625 0.01015625 0.0296875
0 0.516796875 0.684375 0.01484375 0.0328125
0 0.62265625 0.709375 0.0375 0.0359375
0 0.571875 0.79765625 0.04453125 0.040625
0 0.515625 0.905859375 0.0125 0.01640625
0 0.6671875 0.4625 0.02109375 0.02578125
0 0.7953125 0.55234375 0.05 0.053125
0 0.7140625 0.65390625 0.04140625 0.0359375
0 0.76484375 0.7390625 0.0234375 0.01484375
0 0.7453125 0.88203125 0.03515625 0.028125
0 0.79609375 0.95078125 0.0390625 0.0390625
0 0.678125 0.95234375 0.03046875 0.02421875
0 0.51953125 0.9859375 0.0203125 0.028125
0 0.5203125 0.976171875 0.021875 0.03515625
0 0.519921875 0.94375 0.02109375 0.0390625