3 0.2515625 0.0765625 0.01640625 0.021875
3 0.31328125 0.04609375 0.02734375 0.0234375
3 0.3 0.15 0.03828125 0.04609375
3 0.37421875 0.09140625 0.04140625 0.03984375
3 0.22265625 0.2078125 0.01875 0.02265625
3 0.35078125 0.23671875 0.040625 0.0375
3 0.434375 0.17265625 0.04140625 0.0421875
3 0.50859375 0.14453125 0.0390625 0.0375
3 0.4734375 0.23359375 0.01875 0.0203125
3 0.565625 0.1859375 0.0234375 0.0296875
3 0.6625 0.12578125 0.03359375 0.0375
3 0.61875 0.1734375 0.02890625 0.02421875
3 0.671875 0.2203125 0.0421875 0.04609375
3 0.74453125 0.21875 0.0265625 0.03046875
3 0.4796875 0.2875 0.0359375 0.03828125
3 0.71328125 0.33984375 0.05078125 0.04453125
3 0.52890625 0.35234375 0.0390625 0.03828125
3 0.49921875 0.4140625 0.03125 0.03515625
3 0.553125 0.4765625 0.04453125 0.04609375
3 0.65546875 0.446875 0.02265625 0.02109375
3 0.7765625 0.4734375 0.0171875 0.02265625
3 0.7125 0.51171875 0.01796875 0.01875
3 0.25078125 0.28984375 0.04140625 0.03515625
3 0.19609375 0.3296875 0.04375 0.0375
3 0.31640625 0.36875 0.0359375 0.0390625
3 0.334375 0.4390625 0.01796875 0.01875
3 0.2203125 0.484375 0.01640625 0.02109375
3 0.2546875 0.4859375 0.01640625 0.01953125
3 0.46171875 0.528125 0.0484375 0.046875
3 0.23515625 0.54609375 0.028125 0.0296875
3 0.225 0.5953125 0.0203125 0.02109375
3 0.3265625 0.590625 0.01796875 0.021875
3 0.34375 0.64609375 0.015625 0.01875
3 0.4828125 0.60078125 0.03046875 0.03515625
3 0.54453125 0.63671875 0.02421875 0.0265625
3 0.68828125 0.64140625 0.034375 0.0359375
3 0.675 0.70390625 0.03046875 0.0359375
3 0.68671875 0.76875 0.03515625 0.0375
3 0.740625 0.77421875 0.03984375 0.03828125
3 0.51328125 0.73125 0.0265625 0.0265625
3 0.5625 0.81640625 0.02578125 0.01953125
3 0.44140625 0.7953125 0.0453125 0.04765625
3 0.265625 0.7796875 0.02265625 0.0203125
3 0.25546875 0.85546875 0.0390625 0.040625
3 0.35390625 0.81953125 0.040625 0.040625
3 0.4203125 0.85234375 0.03828125 0.0359375
3 0.175 0.87578125 0.0171875 0.02265625