3 0.49453125 0.3859375 0.0296875 0.0390625
3 0.4375 0.35625 0.03515625 0.03125
3 0.375 0.41015625 0.04609375 0.04453125
3 0.4828125 0.1734375 0.0390625 0.0359375
3 0.4125 0.19140625 0.01875 0.01796875
3 0.3671875 0.07734375 0.02109375 0.01640625
3 0.365625 0.11171875 0.01953125 0.01640625
3 0.3234375 0.31875 0.046875 0.0484375
3 0.30546875 0.0921875 0.0296875 0.028125
3 0.25625 0.08203125 0.02109375 0.0203125
3 0.2609375 0.18359375 0.021875 0.01796875
3 0.20546875 0.20078125 0.01875 0.015625
3 0.25078125 0.33984375 0.03515625 0.03046875
3 0.21484375 0.4015625 0.0265625 0.02421875
3 0.1203125 0.3703125 0.0265625 0.0265625
3 0.03515625 0.41953125 0.01953125 0.02578125
3 0.05625 0.2984375 0.04765625 0.0453125
3 0.071875 0.12265625 0.0203125 0.02265625
3 0.01015625 0.1125 0.0203125 0.0390625
3 0.03203125 0.2109375 0.040625 0.040625
3 0.008984375 0.276953125 0.01796875 0.03828125
3 0.00546875 0.03203125 0.0109375 0.0171875
2 0.991015625 0.0046875 0.01796875 0.009375
2 0.988671875 0.00703125 0.02265625 0.0140625
2 0.9671875 0.10625 0.03046875 0.02109375
2 0.9453125 0.0796875 0.0171875 0.015625
2 0.9328125 0.24296875 0.03203125 0.028125
2 0.878125 0.15078125 0.025 0.03203125
2 0.84453125 0.004296875 0.01875 0.00859375
2 0.801171875 0.00390625 0.02578125 0.0078125
2 0.844921875 0.004296875 0.01953125 0.00859375
2 0.82265625 0.02265625 0.10625 0.0453125
2 0.853125 0.0484375 0.028125 0.046875
2 0.82109375 0.178125 0.01953125 0.0203125
2 0.81640625 0.25078125 0.02109375 0.01640625
2 0.75234375 0.05703125 0.0203125 0.02109375
2 0.691015625 0.0125 0.04296875 0.025
2 0.653125 0.005859375 0.0265625 0.01171875
2 0.65390625 0.02109375 0.04140625 0.04140625
2 0.65625 0.15390625 0.03203125 0.021875
2 0.709375 0.24296875 0.03046875 0.03359375
2 0.58984375 0.01015625 0.0390625 0.0203125
2 0.51484375 0.005078125 0.0109375 0.01015625
2 0.51875 0.008203125 0.01875 0.01640625
2 0.585546875 0.00625 0.02890625 0.0125
2 0.5625 0.14296875 0.02265625 0.02265625
2 0.523828125 0.0171875 0.02890625 0.034375
2 0.517578125 0.183203125 0.01640625 0.02265625
2 0.515625 0.2796875 0.0125 0.0234375
2 0.519140625 0.0359375 0.01953125 0.034375
2 0.519140625 0.010546875 0.01953125 0.02109375
2 0.515234375 0.005859375 0.01171875 0.01171875
2 0.517578125 0.224609375 0.01640625 0.03046875
2 0.515625 0.180859375 0.0125 0.02578125
2 0.526171875 0.01640625 0.03359375 0.0328125
2 0.516015625 0.008203125 0.01328125 0.01640625
2 0.516796875 0.007421875 0.01484375 0.01484375
2 0.523828125 0.016015625 0.02890625 0.03203125
2 0.492578125 0.4765625 0.02578125 0.0140625
2 0.445703125 0.473828125 0.01953125 0.00859375
2 0.481640625 0.473828125 0.02265625 0.00859375
2 0.46875 0.7078125 0.021875 0.021875
2 0.37421875 0.86015625 0.04609375 0.0484375
2 0.4234375 0.5703125 0.04140625 0.03203125
2 0.41953125 0.6171875 0.04375 0.0296875
2 0.409375 0.5265625 0.02109375 0.021875
2 0.34921875 0.47421875 0.0234375 0.009375
2 0.29453125 0.54765625 0.03671875 0.034375
2 0.3234375 0.75703125 0.07734375 0.065625
2 0.263671875 0.474609375 0.02421875 0.01015625
2 0.229296875 0.4859375 0.03359375 0.0328125
2 0.275 0.6875 0.02109375 0.0203125
2 0.23125 0.474609375 0.0234375 0.01015625
2 0.130859375 0.4734375 0.01953125 0.0078125
2 0.194921875 0.47421875 0.02265625 0.009375
2 0.18046875 0.56796875 0.02421875 0.025
2 0.2078125 0.6578125 0.03125 0.028125
2 0.1921875 0.746875 0.02265625 0.01640625
2 0.1421875 0.87734375 0.04609375 0.0359375
2 0.13671875 0.49296875 0.0359375 0.02734375
2 0.1203125 0.60078125 0.02578125 0.02578125
2 0.1359375 0.72890625 0.0234375 0.0203125
2 0.10546875 0.66953125 0.01953125 0.02109375
2 0.026953125 0.476171875 0.02578125 0.01328125
2 0.078125 0.48046875 0.046875 0.021875
2 0.0578125 0.64375 0.0234375 0.01953125
2 0.0671875 0.78984375 0.02109375 0.02109375
2 0.0359375 0.68828125 0.0265625 0.02109375
2 0.014453125 0.5203125 0.02890625 0.034375
2 0.00546875 0.4765625 0.0109375 0.0140625
2 0.00546875 0.475390625 0.0109375 0.01171875
2 0.005078125 0.508984375 0.01015625 0.01796875
2 0.00625 0.64140625 0.0125 0.025
2 0.01015625 0.813671875 0.0203125 0.04296875
2 0.005078125 0.687109375 0.01015625 0.04296875
2 0.007421875 0.476953125 0.01484375 0.01484375
2 0.005859375 0.696484375 0.01171875 0.02421875
2 0.005859375 0.78125 0.01171875 0.025
2 0.0046875 0.5875 0.009375 0.021875
2 0.00546875 0.50078125 0.0109375 0.0359375
2 0.00859375 0.47578125 0.0171875 0.0125
2 0.009375 0.476171875 0.01875 0.01328125
2 0.005078125 0.838671875 0.01015625 0.01484375
2 0.008984375 0.576171875 0.01796875 0.03046875
2 0.00625 0.6984375 0.0125 0.01875
2 0.007421875 0.737890625 0.01484375 0.03203125
2 0.008203125 0.4765625 0.01640625 0.0140625
1 0.9703125 0.71953125 0.0234375 0.021875
1 0.91953125 0.478125 0.040625 0.0171875
1 0.9671875 0.55078125 0.02265625 0.021875
1 0.88984375 0.5828125 0.02109375 0.015625
1 0.88359375 0.64296875 0.0234375 0.0171875
1 0.80546875 0.5015625 0.0421875 0.059375
1 0.81953125 0.61796875 0.0171875 0.0203125
1 0.79609375 0.69140625 0.02734375 0.01875
1 0.7765625 0.86328125 0.01953125 0.028125
1 0.76171875 0.75234375 0.02890625 0.028125
1 0.6546875 0.7375 0.02890625 0.02734375
1 0.54140625 0.688671875 0.0640625 0.03828125
1 0.60546875 0.5265625 0.02265625 0.02109375
1 0.671875 0.473828125 0.01875 0.00859375
1 0.516015625 0.47578125 0.01328125 0.0125