0 0.12109375 0.558203125 0.034375 0.02265625
0 0.269140625 0.55234375 0.03984375 0.034375
0 0.18828125 0.5578125 0.02265625 0.01875
0 0.0453125 0.46484375 0.03203125 0.0359375
0 0.0203125 0.543359375 0.040625 0.05234375
0 0.2828125 0.49140625 0.0296875 0.028125
0 0.334375 0.459375 0.0453125 0.04609375
0 0.16953125 0.4265625 0.02734375 0.0359375
0 0.040625 0.35546875 0.05078125 0.046875
0 0.3171875 0.3515625 0.03984375 0.0671875
0 0.215625 0.2671875 0.03515625 0.0390625
0 0.153125 0.18671875 0.01953125 0.02734375
0 0.33359375 0.21171875 0.03046875 0.0234375
0 0.20234375 0.13046875 0.05390625 0.0375
0 0.01328125 0.123046875 0.0265625 0.02578125
0 0.1390625 0.07421875 0.03046875 0.034375
0 0.009765625 0.026953125 0.01953125 0.05390625
0 0.171484375 0.0078125 0.02265625 0.015625
0 0.2859375 0.01640625 0.084375 0.0328125
0 0.1 0.0109375 0.0546875 0.021875
0 0.066796875 0.007421875 0.03203125 0.01484375
0 0.270703125 0.0078125 0.03671875 0.015625
0 0.230859375 0.007421875 0.03046875 0.01484375
0 0.129296875 0.007421875 0.02421875 0.01484375
0 0.05 0.01171875 0.034375 0.0234375
2 0.52109375 0.563671875 0.028125 0.01171875
2 0.45390625 0.52421875 0.0171875 0.01953125
2 0.565234375 0.558984375 0.01796875 0.02109375
2 0.86171875 0.546875 0.021875 0.021875
2 0.994921875 0.451953125 0.01015625 0.04609375
2 0.72421875 0.5015625 0.03203125 0.04140625
2 0.77109375 0.49765625 0.0296875 0.04375
2 0.68046875 0.4875 0.021875 0.02109375
2 0.60859375 0.42734375 0.01953125 0.0234375
2 0.7015625 0.37265625 0.034375 0.03671875
2 0.9109375 0.4015625 0.065625 0.07734375
2 0.559375 0.3421875 0.02109375 0.02421875
2 0.63828125 0.3078125 0.03671875 0.03359375
2 0.84140625 0.353125 0.0203125 0.02109375
2 0.4609375 0.309375 0.02109375 0.0234375
2 0.44765625 0.209375 0.015625 0.01953125
2 0.52265625 0.2734375 0.01953125 0.02265625
2 0.721875 0.25859375 0.025 0.02421875
2 0.81171875 0.2859375 0.028125 0.03125
2 0.90078125 0.2703125 0.01640625 0.02265625
2 0.646875 0.21484375 0.02734375 0.0359375
2 0.7546875 0.1984375 0.02578125 0.02578125
2 0.8828125 0.2140625 0.0203125 0.0234375
2 0.8234375 0.18359375 0.02109375 0.01953125
2 0.47890625 0.10546875 0.02734375 0.02578125
2 0.5953125 0.15625 0.04375 0.046875
2 0.79765625 0.1359375 0.01953125 0.0234375
2 0.94375 0.1453125 0.02109375 0.02109375
2 0.8421875 0.1140625 0.02109375 0.0265625
2 0.67421875 0.090625 0.034375 0.0328125
2 0.42734375 0.0125 0.02890625 0.02265625
2 0.51015625 0.0484375 0.02421875 0.021875
2 0.66328125 0.015625 0.01796875 0.02109375
2 0.7953125 0.0375 0.025 0.025
2 0.96796875 0.04921875 0.04296875 0.04140625
2 0.84140625 0.0171875 0.04296875 0.0203125
2 0.60703125 0.007421875 0.0296875 0.01484375
2 0.850390625 0.005859375 0.02421875 0.01171875
2 0.93515625 0.005859375 0.025 0.01171875
2 0.74140625 0.0046875 0.021875 0.009375
2 0.6546875 0.00546875 0.0359375 0.0109375
2 0.526953125 0.00859375 0.02578125 0.0171875
2 0.602734375 0.009375 0.02734375 0.01875
2 0.992578125 0.005078125 0.01484375 0.01015625
2 0.730078125 0.008984375 0.03046875 0.01796875
2 0.85234375 0.00625 0.01875 0.0125
2 0.891796875 0.007421875 0.03203125 0.01484375
2 0.490234375 0.008203125 0.02890625 0.01640625
0 0.31484375 0.9609375 0.0203125 0.0265625
0 0.1328125 0.990625 0.025 0.01875
0 0.006640625 0.948046875 0.01328125 0.03203125
0 0.065625 0.9328125 0.0328125 0.0296875
0 0.0078125 0.8765625 0.015625 0.028125
0 0.00546875 0.854296875 0.0109375 0.02890625
0 0.00625 0.80625 0.0125 0.0203125
0 0.006640625 0.837890625 0.01328125 0.02578125
0 0.10859375 0.83984375 0.01796875 0.01640625
0 0.11875 0.82890625 0.01875 0.0203125
0 0.240625 0.88671875 0.0203125 0.02578125
0 0.30078125 0.79765625 0.02265625 0.0265625
0 0.14140625 0.7671875 0.0296875 0.028125
0 0.22421875 0.69921875 0.02109375 0.02265625
0 0.13203125 0.69453125 0.02890625 0.02890625
0 0.007421875 0.6671875 0.01484375 0.0296875
0 0.00703125 0.68359375 0.0140625 0.025
0 0.07890625 0.6203125 0.02265625 0.02734375
0 0.3171875 0.63984375 0.02421875 0.03125
0 0.2453125 0.6078125 0.0625 0.05234375
0 0.148828125 0.576171875 0.01953125 0.01328125
0 0.080078125 0.575 0.02734375 0.0109375
0 0.241796875 0.576171875 0.02265625 0.01328125
0 0.005859375 0.633984375 0.01171875 0.03203125
0 0.005078125 0.578125 0.01015625 0.0171875
0 0.0046875 0.577734375 0.009375 0.01640625
0 0.005859375 0.575390625 0.01171875 0.01171875
0 0.3671875 0.96015625 0.015625 0.0296875
0 0.4625 0.99140625 0.0203125 0.0171875
0 0.47578125 0.9359375 0.0171875 0.02109375
0 0.5796875 0.9 0.02109375 0.0234375
0 0.6734375 0.97265625 0.0328125 0.034375
0 0.76484375 0.98515625 0.0375 0.0296875
0 0.82265625 0.98359375 0.03515625 0.0296875
0 0.72734375 0.903125 0.028125 0.0328125
0 0.84609375 0.7921875 0.01953125 0.02578125
0 0.74296875 0.809375 0.021875 0.02734375
0 0.665625 0.83125 0.03046875 0.0296875
0 0.73515625 0.76171875 0.0265625 0.021875
0 0.63203125 0.69921875 0.028125 0.03046875
0 0.5078125 0.8125 0.0265625 0.0296875
0 0.45703125 0.7875 0.02109375 0.0296875
0 0.364453125 0.80078125 0.01015625 0.0234375
0 0.366015625 0.644140625 0.01328125 0.02578125
0 0.36640625 0.576171875 0.0140625 0.01328125
0 0.43828125 0.63046875 0.028125 0.0296875
0 0.46171875 0.5765625 0.0546875 0.0140625
0 0.46953125 0.575 0.0234375 0.0109375
0 0.580078125 0.57578125 0.02890625 0.0125
0 0.64375 0.578515625 0.034375 0.01796875
0 0.7 0.58984375 0.02578125 0.03125
0 0.83984375 0.62109375 0.0328125 0.03046875
0 0.701171875 0.578515625 0.02109375 0.01796875
0 0.807421875 0.57578125 0.02578125 0.0125