0 0.25625 0.05234375 0.02890625 0.028125
0 0.30234375 0.09765625 0.034375 0.028125
0 0.45078125 0.1046875 0.03984375 0.03671875
0 0.36953125 0.10078125 0.02265625 0.01875
0 0.2265625 0.19375 0.03203125 0.0359375
0 0.1953125 0.11171875 0.05390625 0.059375
0 0.1765625 0.0390625 0.0203125 0.02265625
0 0.590625 0.13515625 0.05546875 0.06015625
0 0.4640625 0.1671875 0.0296875 0.028125
0 0.515625 0.19921875 0.0453125 0.04609375
0 0.7359375 0.1359375 0.0484375 0.0390625
0 0.69609375 0.196875 0.0296875 0.03046875
0 0.35078125 0.23203125 0.02734375 0.0359375
0 0.221875 0.303125 0.05078125 0.046875
0 0.4984375 0.30703125 0.03984375 0.0671875
0 0.56484375 0.30078125 0.04453125 0.028125
0 0.65859375 0.2859375 0.10234375 0.08203125
0 0.396875 0.39140625 0.03515625 0.0390625
0 0.334375 0.471875 0.01953125 0.02734375
0 0.51484375 0.446875 0.03046875 0.0234375
0 0.58046875 0.40390625 0.02734375 0.04296875
0 0.69765625 0.39375 0.046875 0.0328125
0 0.80625 0.453125 0.034375 0.02890625
0 0.7171875 0.52890625 0.02578125 0.03125
0 0.571875 0.5140625 0.02734375 0.01953125
0 0.38359375 0.528125 0.05390625 0.0375
0 0.1875 0.53515625 0.04140625 0.02578125
0 0.3203125 0.584375 0.03046875 0.034375
0 0.18359375 0.63125 0.034375 0.05390625
0 0.353125 0.684375 0.02265625 0.03203125
0 0.4671875 0.65625 0.084375 0.0609375
0 0.58984375 0.6078125 0.02890625 0.03359375
0 0.65078125 0.6546875 0.0265625 0.03671875
0 0.690625 0.65546875 0.01953125 0.01953125
0 0.7625 0.690625 0.02578125 0.03359375
0 0.5578125 0.74296875 0.01796875 0.03046875
0 0.28125 0.784375 0.0546875 0.04375
0 0.2484375 0.8390625 0.03203125 0.03046875
0 0.64609375 0.8015625 0.03046875 0.02890625
0 0.71484375 0.88203125 0.02578125 0.03046875
0 0.5484375 0.9046875 0.01796875 0.0234375
0 0.45234375 0.8953125 0.03671875 0.03203125
0 0.4125 0.85546875 0.03046875 0.03046875
0 0.3109375 0.89765625 0.02421875 0.03046875
0 0.23125 0.928125 0.034375 0.046875