0 0.005859375 0.00625 0.01171875 0.0125
0 0.0078125 0.00859375 0.015625 0.0171875
0 0.064453125 0.00703125 0.03046875 0.0140625
0 0.11015625 0.007421875 0.0359375 0.01484375
0 0.25078125 0.01015625 0.025 0.0203125
0 0.016015625 0.014453125 0.03203125 0.02890625
0 0.012890625 0.009765625 0.02578125 0.01953125
0 0.005859375 0.00625 0.01171875 0.0125
0 0.023046875 0.022265625 0.04609375 0.04453125
0 0.0125 0.0234375 0.025 0.046875
0 0.0109375 0.008984375 0.021875 0.01796875
0 0.01328125 0.010546875 0.0265625 0.02109375
0 0.032421875 0.008984375 0.03046875 0.01796875
0 0.156640625 0.008984375 0.03203125 0.01796875
0 0.02890625 0.012109375 0.053125 0.02421875
0 0.008203125 0.043359375 0.01640625 0.03984375
0 0.005859375 0.08203125 0.01171875 0.0234375
0 0.2046875 0.0671875 0.0375 0.040625
0 0.010546875 0.11953125 0.02109375 0.05
0 0.00703125 0.133203125 0.0140625 0.03046875
0 0.008203125 0.175390625 0.01640625 0.03046875
0 0.14140625 0.14765625 0.02109375 0.028125
0 0.1890625 0.2046875 0.05390625 0.03828125
0 0.0140625 0.2109375 0.028125 0.0296875
0 0.010546875 0.30625 0.02109375 0.05625
0 0.12578125 0.26015625 0.03125 0.03515625
0 0.24765625 0.32734375 0.03125 0.05078125
0 0.15859375 0.36015625 0.02578125 0.03203125
0 0.006640625 0.293359375 0.01328125 0.02109375
0 0.009375 0.257421875 0.01875 0.04140625
0 0.007421875 0.381640625 0.01484375 0.02578125
0 0.009765625 0.356640625 0.01953125 0.05546875
0 0.008984375 0.38515625 0.01796875 0.0375
0 0.010546875 0.400390625 0.02109375 0.05078125
0 0.0875 0.46015625 0.05859375 0.046875
0 0.01015625 0.460546875 0.0203125 0.03046875
0 0.00859375 0.448046875 0.0171875 0.04765625
0 0.007421875 0.499609375 0.01484375 0.03515625
0 0.005078125 0.518359375 0.01015625 0.02578125
0 0.005859375 0.513671875 0.01171875 0.02578125
0 0.008203125 0.4953125 0.01640625 0.0296875
0 0.007421875 0.483984375 0.01484375 0.03671875
0 0.0546875 0.51328125 0.03046875 0.03203125
0 0.21875 0.5328125 0.03203125 0.028125
0 0.01015625 0.5609375 0.0203125 0.03125
0 0.008984375 0.580859375 0.01796875 0.05234375
0 0.005859375 0.57421875 0.01171875 0.0203125
0 0.0390625 0.603125 0.03125 0.04296875
0 0.11796875 0.57421875 0.02265625 0.03046875
0 0.25234375 0.571875 0.021875 0.03046875
3 0.43984375 0.01015625 0.0203125 0.0203125
3 0.478515625 0.008984375 0.04140625 0.01796875
3 0.43984375 0.01015625 0.0203125 0.0203125
3 0.440625 0.012109375 0.021875 0.02421875
3 0.507421875 0.009765625 0.03515625 0.01953125
3 0.45078125 0.032421875 0.0421875 0.04765625
3 0.573828125 0.0140625 0.05859375 0.028125
3 0.644140625 0.0078125 0.03515625 0.015625
3 0.716015625 0.010546875 0.04296875 0.02109375
3 0.7046875 0.034375 0.03359375 0.03515625
3 0.78203125 0.009375 0.034375 0.01875
3 0.792578125 0.01015625 0.03828125 0.0203125
3 0.895703125 0.009765625 0.04296875 0.01953125
3 0.89453125 0.06640625 0.0359375 0.03671875
3 0.84296875 0.10390625 0.03515625 0.03671875
3 0.565625 0.08671875 0.03125 0.03359375
3 0.67734375 0.20703125 0.04375 0.04375
3 0.703125 0.259375 0.04140625 0.046875
3 0.834375 0.26875 0.03984375 0.04296875
3 0.55625 0.23046875 0.0375 0.04296875
3 0.45234375 0.17421875 0.0421875 0.04453125
3 0.437890625 0.2703125 0.01640625 0.034375
3 0.434765625 0.4421875 0.01015625 0.040625
3 0.440625 0.4578125 0.021875 0.0421875
3 0.603125 0.525 0.046875 0.04765625
3 0.73125 0.41328125 0.040625 0.04375
3 0.79609375 0.45546875 0.0359375 0.03359375
3 0.859375 0.475 0.0375 0.04140625
3 0.66171875 0.58359375 0.025 0.02421875
3 0.78359375 0.58828125 0.04453125 0.04609375
3 0.46875 0.60546875 0.03828125 0.04140625
3 0.43828125 0.60234375 0.0171875 0.034375
3 0.0109375 0.651171875 0.021875 0.02265625
3 0.01015625 0.649609375 0.0203125 0.01953125
3 0.008984375 0.64921875 0.01796875 0.01875
3 0.125390625 0.64921875 0.03359375 0.01875
3 0.07109375 0.646484375 0.0234375 0.01328125
3 0.191015625 0.649609375 0.03671875 0.01953125
3 0.25078125 0.65 0.0375 0.0203125
3 0.34375 0.649609375 0.034375 0.01953125
3 0.248046875 0.6515625 0.04609375 0.0234375
3 0.219140625 0.648828125 0.03828125 0.01796875
3 0.008203125 0.648828125 0.01640625 0.01796875
3 0.0109375 0.64921875 0.021875 0.01875
3 0.021875 0.665625 0.0421875 0.04140625
3 0.045703125 0.65 0.04453125 0.0203125
3 0.010546875 0.724609375 0.02109375 0.04453125
3 0.00859375 0.75625 0.0171875 0.0421875
3 0.06640625 0.78828125 0.04375 0.04296875
3 0.190625 0.6953125 0.0375 0.03828125
3 0.3671875 0.67421875 0.03984375 0.0453125
3 0.35078125 0.72890625 0.03125 0.03515625
3 0.2359375 0.79921875 0.03828125 0.04140625
3 0.30390625 0.83203125 0.040625 0.03828125
3 0.24296875 0.85703125 0.03359375 0.0375
3 0.34140625 0.96796875 0.03671875 0.0375
3 0.13203125 0.86328125 0.0234375 0.025
3 0.04375 0.88203125 0.0453125 0.04453125
3 0.1703125 0.993359375 0.0421875 0.01328125
3 0.00859375 0.991796875 0.0171875 0.01640625
3 0.012109375 0.979296875 0.02421875 0.04140625
0 0.81171875 0.644140625 0.01875 0.00859375
0 0.75390625 0.64765625 0.0421875 0.015625
0 0.939453125 0.647265625 0.02265625 0.01484375
0 0.966015625 0.646875 0.01640625 0.0140625
0 0.969140625 0.644921875 0.01953125 0.01015625
0 0.99453125 0.6453125 0.0109375 0.0109375
0 0.654296875 0.65390625 0.03984375 0.028125
0 0.763671875 0.6453125 0.02421875 0.0109375
0 0.848828125 0.647265625 0.02109375 0.01484375
0 0.90390625 0.64609375 0.0234375 0.0125
0 0.854296875 0.64765625 0.02421875 0.015625
0 0.682421875 0.646484375 0.02734375 0.01328125
0 0.7796875 0.647265625 0.0265625 0.01484375
0 0.8953125 0.678125 0.0359375 0.028125
0 0.995703125 0.706640625 0.00859375 0.04609375
0 0.998046875 0.792578125 0.00390625 0.02421875
0 0.7140625 0.77421875 0.03515625 0.0375
0 0.68125 0.84453125 0.03203125 0.04140625
0 0.65 0.9390625 0.021875 0.02734375
0 0.707421875 0.995703125 0.02578125 0.00859375
0 0.86875 0.86171875 0.0125 0.02109375
0 0.875 0.93203125 0.0203125 0.02734375
0 0.978125 0.909375 0.0171875 0.02265625
0 0.91171875 0.991015625 0.028125 0.01796875
0 0.981640625 0.996484375 0.02890625 0.00703125