0 0.5546875 0.03046875 0.0234375 0.025
0 0.41640625 0.075 0.03125 0.034375
0 0.634375 0.04453125 0.03046875 0.02890625
0 0.6796875 0.08984375 0.0359375 0.03046875
0 0.8203125 0.096875 0.025 0.04140625
0 0.56875 0.10234375 0.06484375 0.05859375
0 0.39609375 0.1515625 0.05234375 0.03984375
0 0.23359375 0.16328125 0.0234375 0.02578125
0 0.3859375 0.28671875 0.0921875 0.08984375
0 0.271875 0.33203125 0.05078125 0.0609375
0 0.49609375 0.22890625 0.04375 0.03671875
0 0.52578125 0.16953125 0.05390625 0.04296875
0 0.60234375 0.1859375 0.03046875 0.03671875
0 0.7265625 0.22265625 0.03203125 0.03671875
0 0.5984375 0.29453125 0.053125 0.0484375
0 0.45390625 0.359375 0.0328125 0.03984375
0 0.503125 0.39765625 0.02421875 0.0234375
0 0.77421875 0.3828125 0.0375 0.040625
0 0.29609375 0.43515625 0.04296875 0.05
0 0.43359375 0.44921875 0.028125 0.03046875
0 0.409375 0.49140625 0.0328125 0.03046875
0 0.7109375 0.46328125 0.02109375 0.028125
0 0.75859375 0.5203125 0.05390625 0.03828125
0 0.55703125 0.5265625 0.05625 0.0296875
0 0.55546875 0.621875 0.04296875 0.05625
0 0.6953125 0.57578125 0.03125 0.03515625
0 0.8171875 0.64296875 0.03125 0.05078125
0 0.728125 0.67578125 0.02578125 0.03203125
0 0.41875 0.609375 0.02734375 0.02109375
0 0.25390625 0.5734375 0.03828125 0.04140625
0 0.246875 0.69765625 0.03046875 0.02578125
0 0.41171875 0.67265625 0.0390625 0.05546875
0 0.34765625 0.70078125 0.0359375 0.0375
0 0.50703125 0.71640625 0.04296875 0.05078125
0 0.65703125 0.77578125 0.05859375 0.046875
0 0.43984375 0.7765625 0.04140625 0.03046875
0 0.30546875 0.7640625 0.034375 0.04765625
0 0.225 0.815625 0.0296875 0.03515625
0 0.2765625 0.834375 0.02109375 0.02578125
0 0.31953125 0.8296875 0.0234375 0.02578125
0 0.4015625 0.8109375 0.03359375 0.0296875
0 0.5203125 0.8 0.03046875 0.03671875
0 0.62421875 0.82890625 0.03046875 0.03203125
0 0.78828125 0.8484375 0.03203125 0.028125
0 0.421875 0.8765625 0.040625 0.03125
0 0.49296875 0.896875 0.03671875 0.05234375
0 0.5390625 0.88984375 0.0234375 0.0203125
0 0.60859375 0.91875 0.03125 0.04296875
0 0.6875 0.88984375 0.02265625 0.03046875
0 0.821875 0.8875 0.021875 0.03046875