0 0.609375 0.00703125 0.0203125 0.0140625
0 0.467578125 0.008984375 0.03984375 0.01796875
0 0.548828125 0.0046875 0.02265625 0.009375
0 0.327734375 0.01484375 0.05546875 0.0296875
0 0.4546875 0.00703125 0.0296875 0.0140625
0 0.403125 0.011328125 0.0453125 0.02265625
0 0.1828125 0.009765625 0.0484375 0.01953125
0 0.22265625 0.007421875 0.0296875 0.01484375
0 0.567578125 0.008984375 0.02734375 0.01796875
0 0.4203125 0.0375 0.03984375 0.0671875
0 0.35390625 0.03125 0.04453125 0.028125
0 0.259765625 0.028515625 0.10234375 0.05703125
0 0.521875 0.121875 0.03515625 0.0390625
0 0.584375 0.20234375 0.01953125 0.02734375
0 0.40390625 0.17734375 0.03046875 0.0234375
0 0.33828125 0.134375 0.02734375 0.04296875
0 0.22109375 0.12421875 0.046875 0.0328125
0 0.1125 0.18359375 0.034375 0.02890625
0 0.2015625 0.259375 0.02578125 0.03125
0 0.346875 0.24453125 0.02734375 0.01953125
0 0.53515625 0.25859375 0.05390625 0.0375
0 0.5984375 0.31484375 0.03046875 0.034375
0 0.565625 0.41484375 0.02265625 0.03203125
0 0.4515625 0.38671875 0.084375 0.0609375
0 0.32890625 0.33828125 0.02890625 0.03359375
0 0.26796875 0.38515625 0.0265625 0.03671875
0 0.228125 0.3859375 0.01953125 0.01953125
0 0.15625 0.42109375 0.02578125 0.03359375
2 0.727734375 0.007421875 0.02578125 0.01484375
2 0.9109375 0.005078125 0.01875 0.01015625
2 0.796484375 0.02109375 0.07265625 0.0421875
2 0.72109375 0.0046875 0.01875 0.009375
2 0.6328125 0.0046875 0.0203125 0.009375
2 0.64453125 0.005859375 0.0265625 0.01171875
2 0.624609375 0.005078125 0.01015625 0.01015625
2 0.623828125 0.04921875 0.00859375 0.015625
2 0.624609375 0.076171875 0.01015625 0.02578125
2 0.62421875 0.082421875 0.009375 0.02265625
2 0.66640625 0.07578125 0.02578125 0.03046875
2 0.915625 0.02109375 0.01875 0.01953125
2 0.940625 0.08984375 0.01796875 0.02109375
2 0.85625 0.10859375 0.01875 0.02109375
2 0.75390625 0.10078125 0.01796875 0.01875
2 0.79296875 0.1375 0.025 0.021875
2 0.85078125 0.16484375 0.03203125 0.0265625
2 0.67890625 0.13828125 0.01953125 0.02109375
2 0.73125 0.16640625 0.0234375 0.025
2 0.971875 0.209375 0.015625 0.01953125
2 0.9265625 0.22890625 0.02109375 0.0234375
2 0.715625 0.21015625 0.0140625 0.0171875
2 0.629296875 0.20078125 0.01953125 0.0171875
2 0.62578125 0.229296875 0.0125 0.02578125
2 0.6234375 0.269921875 0.0078125 0.01953125
2 0.7828125 0.24921875 0.015625 0.0203125
2 0.8859375 0.32265625 0.02421875 0.025
2 0.623046875 0.289453125 0.00703125 0.01953125
2 0.6234375 0.293359375 0.0078125 0.01796875
2 0.62265625 0.251171875 0.00625 0.01484375
2 0.622265625 0.124609375 0.00546875 0.01953125
2 0.628515625 0.35 0.01796875 0.04375
2 0.62734375 0.340625 0.015625 0.0203125
2 0.74375 0.3484375 0.01875 0.0234375
2 0.989453125 0.378515625 0.02109375 0.03515625
2 0.7046875 0.39375 0.02109375 0.021875
2 0.662890625 0.440234375 0.01640625 0.01953125
2 0.625390625 0.43046875 0.01171875 0.028125
2 0.623828125 0.43359375 0.00859375 0.01875
0 0.398046875 0.459765625 0.04140625 0.01953125
0 0.49296875 0.459375 0.028125 0.01875
0 0.337890625 0.45703125 0.03515625 0.0140625
0 0.266796875 0.455859375 0.01953125 0.01171875
0 0.313671875 0.460546875 0.03515625 0.02109375
0 0.3390625 0.50078125 0.02421875 0.03203125
0 0.18671875 0.457421875 0.0234375 0.01484375
0 0.0828125 0.465625 0.0609375 0.03125
0 0.18515625 0.45703125 0.034375 0.0140625
0 0.109375 0.50703125 0.02578125 0.02578125
0 0.0328125 0.6171875 0.0171875 0.0375
0 0.15625 0.6296875 0.0328125 0.028125
0 0.2890625 0.63046875 0.02265625 0.02734375
0 0.3828125 0.56171875 0.0328125 0.03203125
0 0.553125 0.51953125 0.03515625 0.0390625
0 0.4953125 0.56796875 0.0390625 0.0453125
0 0.60625 0.634375 0.0265625 0.02578125
0 0.5203125 0.64453125 0.0390625 0.03515625
0 0.57421875 0.75625 0.03125 0.02890625
0 0.52265625 0.81796875 0.03203125 0.0328125
0 0.446875 0.753125 0.02734375 0.02890625
0 0.375 0.72890625 0.02265625 0.02734375
0 0.4359375 0.846875 0.03203125 0.02734375
0 0.46796875 0.88359375 0.03984375 0.028125
0 0.53203125 0.890625 0.04140625 0.04140625
0 0.29140625 0.81640625 0.0390625 0.03125
0 0.215625 0.78125 0.01953125 0.01953125
0 0.30390625 0.92890625 0.015625 0.015625
0 0.30390625 0.9 0.046875 0.08671875
0 0.0609375 0.80234375 0.0421875 0.04140625
0 0.1 0.928125 0.034375 0.021875
0 0.09921875 0.9734375 0.040625 0.053125
0 0.39296875 0.96953125 0.03515625 0.02578125
0 0.597265625 0.972265625 0.04453125 0.03984375
2 0.824609375 0.45859375 0.03046875 0.0171875
2 0.748046875 0.4546875 0.01796875 0.009375
2 0.77578125 0.455859375 0.025 0.01171875
2 0.918359375 0.456640625 0.02265625 0.01328125
2 0.97578125 0.454296875 0.0171875 0.00859375
2 0.918359375 0.454296875 0.01796875 0.00859375
2 0.870703125 0.4546875 0.02421875 0.009375
2 0.704296875 0.45546875 0.02421875 0.0109375
2 0.762890625 0.4546875 0.01328125 0.009375
2 0.6234375 0.4546875 0.0078125 0.009375
2 0.625 0.460546875 0.0109375 0.02109375
2 0.6796875 0.453515625 0.0140625 0.00703125
2 0.790234375 0.455078125 0.01640625 0.01015625
2 0.6671875 0.46328125 0.021875 0.0265625
2 0.62421875 0.45703125 0.009375 0.0140625
2 0.628515625 0.459765625 0.01796875 0.01953125
2 0.62578125 0.50078125 0.0125 0.025
2 0.62421875 0.52421875 0.009375 0.01875
2 0.95625 0.49765625 0.01640625 0.01953125
2 0.896875 0.4984375 0.02109375 0.02421875
2 0.946875 0.56640625 0.028125 0.02421875
2 0.8125 0.525 0.01953125 0.01953125
2 0.79765625 0.5640625 0.01875 0.0171875
2 0.6796875 0.5609375 0.034375 0.04296875
2 0.625390625 0.5890625 0.01171875 0.0234375
2 0.9578125 0.61953125 0.01328125 0.01640625
2 0.9265625 0.66875 0.01640625 0.01796875
2 0.86640625 0.66328125 0.01953125 0.02109375
2 0.63515625 0.6546875 0.0203125 0.0203125
2 0.6609375 0.66875 0.02265625 0.0265625
2 0.62421875 0.6375 0.009375 0.0203125
2 0.625390625 0.56640625 0.01171875 0.03125
2 0.625390625 0.625 0.01171875 0.0296875
2 0.62421875 0.65859375 0.009375 0.0203125
2 0.623828125 0.67265625 0.00859375 0.0203125
2 0.626953125 0.71328125 0.01484375 0.0296875
2 0.625390625 0.76328125 0.01171875 0.028125
2 0.625390625 0.729296875 0.01171875 0.01796875
2 0.690625 0.72890625 0.01953125 0.02109375
2 0.8078125 0.73125 0.034375 0.03359375
2 0.865625 0.74609375 0.0234375 0.0234375
2 0.81640625 0.778125 0.02421875 0.0171875
2 0.72109375 0.77421875 0.02109375 0.02734375
2 0.624609375 0.81328125 0.01015625 0.0171875
2 0.91953125 0.87734375 0.02734375 0.028125
2 0.93828125 0.96484375 0.01640625 0.01875
2 0.87578125 0.92578125 0.02890625 0.03203125
2 0.82578125 0.8875 0.01796875 0.0171875
2 0.7734375 0.9125 0.01796875 0.01953125
2 0.69375 0.87578125 0.01953125 0.0203125
2 0.62734375 0.88828125 0.015625 0.01875
2 0.62421875 0.88828125 0.009375 0.025
2 0.625 0.90078125 0.0109375 0.0234375
2 0.6234375 0.935546875 0.0078125 0.01953125
2 0.65234375 0.97421875 0.01796875 0.0203125
2 0.628125 0.880859375 0.0171875 0.02890625
2 0.623828125 0.927734375 0.00859375 0.01796875
2 0.625390625 0.975390625 0.01171875 0.02890625