0 0.1015625 0.58203125 0.03125 0.034375
0 0.007421875 0.60859375 0.01484375 0.021875
0 0.008984375 0.566796875 0.01796875 0.03046875
0 0.00625 0.559765625 0.0125 0.04140625
0 0.016015625 0.554296875 0.03203125 0.05859375
0 0.121875 0.50546875 0.05234375 0.03984375
0 0.284375 0.49375 0.0234375 0.02578125
0 0.13203125 0.3703125 0.0921875 0.08984375
0 0.24609375 0.325 0.05078125 0.0609375
0 0.021875 0.428125 0.04375 0.03671875
0 0.01328125 0.487109375 0.0265625 0.04296875
0 0.007421875 0.470703125 0.01484375 0.03671875
0 0.0078125 0.433984375 0.015625 0.03671875
0 0.01328125 0.3625 0.0265625 0.0484375
0 0.0640625 0.29765625 0.0328125 0.03984375
0 0.01484375 0.259375 0.02421875 0.0234375
0 0.009375 0.27421875 0.01875 0.040625
0 0.221875 0.221875 0.04296875 0.05
0 0.084375 0.2078125 0.028125 0.03046875
0 0.10859375 0.165625 0.0328125 0.03046875
0 0.005078125 0.19375 0.01015625 0.028125
0 0.01328125 0.136328125 0.0265625 0.03828125
0 0.0140625 0.13046875 0.028125 0.0296875
0 0.010546875 0.03515625 0.02109375 0.05625
0 0.0078125 0.080859375 0.015625 0.03515625
0 0.0078125 0.01953125 0.015625 0.0390625
0 0.00625 0.0078125 0.0125 0.015625
0 0.09921875 0.04765625 0.02734375 0.02109375
0 0.2640625 0.08359375 0.03828125 0.04140625
0 0.270703125 0.00625 0.03046875 0.0125
0 0.10625 0.013671875 0.0390625 0.02734375
0 0.1703125 0.009375 0.0359375 0.01875
0 0.016015625 0.0125 0.03203125 0.025
0 0.014453125 0.01171875 0.02890625 0.0234375
0 0.077734375 0.007421875 0.04140625 0.01484375
0 0.2125 0.01171875 0.034375 0.0234375
0 0.29296875 0.00859375 0.0296875 0.0171875
0 0.241015625 0.00625 0.02109375 0.0125
0 0.1984375 0.00625 0.0234375 0.0125
0 0.116015625 0.007421875 0.03359375 0.01484375
0 0.007421875 0.008984375 0.01484375 0.01796875
0 0.007421875 0.0078125 0.01484375 0.015625
0 0.0078125 0.00703125 0.015625 0.0140625
0 0.09609375 0.0078125 0.040625 0.015625
0 0.024609375 0.012890625 0.03671875 0.02578125
0 0.005859375 0.005078125 0.01171875 0.01015625
0 0.0078125 0.010546875 0.015625 0.02109375
0 0.00546875 0.007421875 0.0109375 0.01484375
0 0.00546875 0.007421875 0.0109375 0.01484375
0 0.5546875 0.6015625 0.02109375 0.0171875
0 0.6875 0.56171875 0.0359375 0.0453125
0 0.87109375 0.6015625 0.028125 0.0296875
0 0.8109375 0.47421875 0.046875 0.03828125
0 0.6953125 0.4828125 0.03828125 0.0421875
0 0.57578125 0.50859375 0.06875 0.059375
0 0.6265625 0.40625 0.04296875 0.0421875
0 0.70234375 0.41015625 0.02734375 0.0296875
0 0.80234375 0.40234375 0.034375 0.04140625
0 0.987890625 0.2875 0.02421875 0.03125
0 0.928125 0.26640625 0.03828125 0.04609375
0 0.81640625 0.3140625 0.03203125 0.0359375
0 0.875 0.20859375 0.0296875 0.02734375
0 0.6984375 0.3171875 0.0296875 0.03125
0 0.56875 0.2828125 0.040625 0.034375
0 0.75703125 0.16640625 0.040625 0.034375
0 0.665625 0.09140625 0.028125 0.0359375
0 0.559375 0.1046875 0.0296875 0.034375
0 0.6875 0.010546875 0.021875 0.02109375
0 0.83046875 0.1359375 0.0203125 0.02734375
0 0.821484375 0.007421875 0.04453125 0.01484375
0 0.96640625 0.090625 0.0453125 0.05546875
0 0.951953125 0.006640625 0.02578125 0.01328125
3 0.44296875 0.96328125 0.03125 0.0328125
3 0.40390625 0.87578125 0.02890625 0.03046875
3 0.2984375 0.8859375 0.02109375 0.0203125
3 0.2015625 0.96953125 0.03359375 0.0359375
3 0.08203125 0.9453125 0.03203125 0.034375
3 0.04296875 0.95078125 0.01875 0.02421875
3 0.06875 0.8578125 0.01640625 0.021875
3 0.165625 0.82734375 0.021875 0.01875
3 0.025 0.7109375 0.02109375 0.025
3 0.21953125 0.70390625 0.025 0.025
3 0.2796875 0.70859375 0.01953125 0.02109375
3 0.33671875 0.703125 0.03046875 0.03359375
3 0.439453125 0.62890625 0.03515625 0.01875
1 0.474609375 0.987890625 0.01015625 0.02421875
1 0.474609375 0.951953125 0.01015625 0.01953125
1 0.475390625 0.924609375 0.01171875 0.01796875
1 0.4765625 0.848828125 0.0140625 0.02578125
1 0.4734375 0.840625 0.0078125 0.0296875
1 0.50625 0.79140625 0.01875 0.02265625
1 0.68203125 0.94765625 0.0203125 0.02734375
1 0.6015625 0.890625 0.021875 0.02265625
1 0.7375 0.89296875 0.02109375 0.01953125
1 0.7875 0.93203125 0.01953125 0.025
1 0.86796875 0.86796875 0.02421875 0.02578125
1 0.875 0.72421875 0.02109375 0.02421875
1 0.80234375 0.77265625 0.0484375 0.05390625
1 0.7359375 0.71484375 0.03984375 0.0421875
1 0.479296875 0.740625 0.01953125 0.0171875
1 0.476171875 0.62734375 0.01328125 0.015625
1 0.475 0.62578125 0.0109375 0.0125
1 0.473046875 0.62578125 0.00703125 0.0125
1 0.557421875 0.62578125 0.02265625 0.0125
1 0.562890625 0.625 0.02734375 0.0109375
1 0.64453125 0.6234375 0.015625 0.0078125
1 0.69609375 0.6265625 0.021875 0.0140625
1 0.69765625 0.625390625 0.0203125 0.01171875
1 0.693359375 0.624609375 0.02109375 0.01015625
1 0.665625 0.628515625 0.028125 0.01796875
1 0.59453125 0.625 0.01875 0.0109375
1 0.52890625 0.63046875 0.021875 0.021875
1 0.476953125 0.6296875 0.01484375 0.0203125
1 0.474609375 0.625390625 0.01015625 0.01171875
1 0.475 0.62578125 0.0109375 0.0125
1 0.499609375 0.625390625 0.01640625 0.01171875
1 0.578515625 0.62734375 0.02890625 0.015625
1 0.832421875 0.633203125 0.06171875 0.02734375
1 0.76640625 0.626171875 0.021875 0.01328125
1 0.471875 0.668359375 0.0046875 0.01328125