0 0.28671875 0.0734375 0.02734375 0.03359375
0 0.41484375 0.109375 0.0265625 0.03203125
0 0.37265625 0.16171875 0.03125 0.0328125
0 0.215625 0.1578125 0.02265625 0.01953125
0 0.54453125 0.10703125 0.03203125 0.02578125
0 0.48125 0.1890625 0.02109375 0.021875
0 0.590625 0.0234375 0.0203125 0.0234375
0 0.6015625 0.06484375 0.02890625 0.01953125
0 0.5796875 0.20234375 0.02578125 0.0296875
0 0.275 0.240625 0.02578125 0.02890625
0 0.32109375 0.265625 0.025 0.0234375
0 0.634375 0.2015625 0.01484375 0.01796875
0 0.7078125 0.234375 0.0265625 0.02109375
0 0.7609375 0.2390625 0.034375 0.0265625
0 0.7765625 0.3125 0.02265625 0.02265625
0 0.684375 0.31484375 0.0234375 0.03671875
0 0.584375 0.309375 0.0234375 0.03828125
0 0.63203125 0.359375 0.02265625 0.0296875
0 0.68515625 0.453125 0.0203125 0.0265625
0 0.5484375 0.33515625 0.02265625 0.03359375
0 0.48984375 0.30703125 0.04609375 0.03046875
0 0.4140625 0.30078125 0.02734375 0.0203125
0 0.490625 0.39453125 0.02265625 0.0265625
0 0.503125 0.41875 0.025 0.02734375
0 0.34921875 0.3859375 0.03515625 0.0296875
0 0.29140625 0.37578125 0.03671875 0.04765625
0 0.2 0.3953125 0.0328125 0.03203125
0 0.25390625 0.465625 0.02734375 0.03203125
0 0.4359375 0.48125 0.0328125 0.0296875
0 0.1921875 0.5375 0.03125 0.028125
0 0.2703125 0.559375 0.021875 0.02890625
0 0.26171875 0.6078125 0.025 0.0203125
0 0.3734375 0.57578125 0.0203125 0.02578125
0 0.47890625 0.57421875 0.01796875 0.01640625
0 0.4890625 0.58515625 0.01875 0.0203125
0 0.6109375 0.52734375 0.0203125 0.02578125
0 0.75078125 0.52890625 0.04296875 0.04765625
0 0.67109375 0.61640625 0.02265625 0.0265625
0 0.7828125 0.703125 0.02421875 0.0234375
0 0.51171875 0.646875 0.0296875 0.028125
0 0.59453125 0.71484375 0.02109375 0.02265625
0 0.50234375 0.71953125 0.02890625 0.02890625
0 0.365625 0.746875 0.0296875 0.0296875
0 0.30546875 0.73046875 0.028125 0.025
0 0.44921875 0.79375 0.02265625 0.02734375
0 0.6875 0.77421875 0.02421875 0.03125
0 0.615625 0.80625 0.0625 0.05234375
0 0.51953125 0.8578125 0.01953125 0.0265625
0 0.45078125 0.8625 0.02734375 0.021875
0 0.6125 0.903125 0.02265625 0.02734375
0 0.22578125 0.7796875 0.02421875 0.03203125
0 0.2265625 0.87578125 0.0203125 0.034375
0 0.17578125 0.85234375 0.01875 0.03359375
0 0.3328125 0.9046875 0.02421875 0.0234375