0 0.6125 0.178125 0.03203125 0.0265625
0 0.56015625 0.1359375 0.0328125 0.03125
0 0.563671875 0.00546875 0.01953125 0.0109375
0 0.61484375 0.3078125 0.02578125 0.03203125
0 0.5328125 0.24453125 0.021875 0.02109375
0 0.51953125 0.34296875 0.0296875 0.02578125
0 0.48125 0.03828125 0.02890625 0.02578125
0 0.45625 0.084375 0.0234375 0.025
0 0.5203125 0.39765625 0.01796875 0.01484375
0 0.4875 0.47109375 0.02109375 0.0265625
0 0.40703125 0.44765625 0.03671875 0.0234375
0 0.4125 0.34765625 0.03828125 0.0234375
0 0.3625 0.3953125 0.0296875 0.02265625
0 0.26875 0.4484375 0.0265625 0.0203125
0 0.38671875 0.31171875 0.03359375 0.02265625
0 0.41484375 0.253125 0.03046875 0.04609375
0 0.42109375 0.17734375 0.0203125 0.02734375
0 0.32734375 0.25390625 0.0265625 0.02265625
0 0.303125 0.26640625 0.02734375 0.025
0 0.3359375 0.1125 0.0296875 0.03515625
0 0.34609375 0.0546875 0.04765625 0.03671875
0 0.326171875 0.008203125 0.03203125 0.01640625
0 0.25625 0.0171875 0.03203125 0.02734375
0 0.240625 0.19921875 0.0296875 0.0328125
0 0.184375 0.0078125 0.028125 0.015625
0 0.1625 0.03359375 0.02890625 0.021875
0 0.1140625 0.025 0.0203125 0.025
0 0.14609375 0.13671875 0.02578125 0.0203125
0 0.14765625 0.2421875 0.01640625 0.01796875
0 0.13671875 0.25234375 0.0203125 0.01875
0 0.19453125 0.37421875 0.02578125 0.0203125
0 0.192578125 0.50078125 0.04765625 0.0171875
0 0.10546875 0.434375 0.0265625 0.02265625
0 0.075 0.275 0.028125 0.0296875
0 0.008984375 0.357421875 0.01796875 0.02109375
0 0.008203125 0.265234375 0.01640625 0.02890625
0 0.007421875 0.12890625 0.01484375 0.0296875
0 0.00625 0.06875 0.0125 0.028125
0 0.006640625 0.212109375 0.01328125 0.02265625
0 0.0078125 0.450390625 0.015625 0.02421875
0 0.012890625 0.37890625 0.02578125 0.0625
0 0.006640625 0.282421875 0.01328125 0.01953125
0 0.00546875 0.213671875 0.0109375 0.02734375
0 0.006640625 0.375390625 0.01328125 0.02265625
0 0.0078125 0.005859375 0.015625 0.01171875
0 0.00859375 0.005078125 0.0171875 0.01015625
0 0.008203125 0.0046875 0.01640625 0.009375
0 0.005859375 0.095703125 0.01171875 0.02421875
2 0.985546875 0.262890625 0.02890625 0.02109375
2 0.93828125 0.23984375 0.021875 0.02265625
2 0.8625 0.2390625 0.02578125 0.0203125
2 0.91640625 0.32890625 0.0328125 0.025
2 0.92421875 0.4921875 0.04140625 0.03203125
2 0.82265625 0.41796875 0.02109375 0.02109375
2 0.79140625 0.18046875 0.03671875 0.03984375
2 0.7796875 0.434375 0.0296875 0.0296875
2 0.75078125 0.31328125 0.01796875 0.01953125
2 0.74765625 0.396875 0.01953125 0.0171875
2 0.66015625 0.26328125 0.0546875 0.06015625
2 0.641796875 0.421484375 0.02421875 0.02109375
2 0.63671875 0.40625 0.0140625 0.0359375
2 0.63671875 0.341015625 0.0140625 0.03046875
2 0.638671875 0.229296875 0.01796875 0.03515625
2 0.633984375 0.423828125 0.00859375 0.01484375
2 0.63671875 0.212109375 0.0140625 0.02890625
2 0.637109375 0.308203125 0.01484375 0.02265625
2 0.638671875 0.454296875 0.01796875 0.03828125
2 0.63828125 0.374609375 0.0171875 0.03359375
3 0.622265625 0.51796875 0.01484375 0.0171875
3 0.59140625 0.519140625 0.040625 0.01953125
3 0.59921875 0.68984375 0.034375 0.03359375
3 0.49765625 0.734375 0.0359375 0.040625
3 0.3875 0.81640625 0.04375 0.04140625
3 0.446875 0.85234375 0.04140625 0.01953125
3 0.48046875 0.65 0.0359375 0.03359375
3 0.4875 0.5671875 0.0390625 0.03828125
3 0.427734375 0.5171875 0.03515625 0.015625
3 0.35703125 0.60546875 0.03828125 0.034375
3 0.562890625 0.519140625 0.03671875 0.01953125
3 0.496484375 0.51796875 0.03359375 0.0171875
3 0.488671875 0.514453125 0.02578125 0.01015625
3 0.4078125 0.516015625 0.028125 0.01328125
3 0.315625 0.51796875 0.034375 0.0171875
3 0.29453125 0.522265625 0.0375 0.02578125
3 0.2015625 0.516796875 0.03125 0.01484375
3 0.166796875 0.51796875 0.03359375 0.0171875
3 0.12265625 0.534375 0.03828125 0.04140625
3 0.03828125 0.514453125 0.01875 0.01015625
3 0.062109375 0.519921875 0.04296875 0.02109375
3 0.00625 0.53671875 0.0125 0.0265625
3 0.1328125 0.67421875 0.04453125 0.04609375
3 0.11171875 0.753125 0.03359375 0.03515625
3 0.06171875 0.72890625 0.03359375 0.03359375
3 0.0609375 0.83046875 0.040625 0.0421875
3 0.009375 0.703125 0.01875 0.0375
3 0.007421875 0.815234375 0.01484375 0.03203125
1 0.994140625 0.869140625 0.01171875 0.02421875
1 0.9796875 0.7578125 0.02265625 0.01953125
1 0.9828125 0.5265625 0.03046875 0.03125
1 0.930078125 0.521875 0.02265625 0.025
1 0.928125 0.6453125 0.015625 0.01640625
1 0.837109375 0.51796875 0.02734375 0.0171875
1 0.8703125 0.51484375 0.01875 0.0109375
1 0.781640625 0.5140625 0.01796875 0.009375
1 0.809375 0.5546875 0.0328125 0.03046875
1 0.828125 0.64296875 0.021875 0.03125
1 0.79140625 0.7921875 0.0359375 0.0375
1 0.7484375 0.678125 0.06015625 0.05625
1 0.655859375 0.82734375 0.05234375 0.028125
1 0.634765625 0.66015625 0.01015625 0.021875
1 0.638671875 0.8515625 0.01796875 0.0359375
1 0.6359375 0.768359375 0.0125 0.02890625
1 0.636328125 0.64765625 0.01328125 0.021875
1 0.633984375 0.60390625 0.00859375 0.0171875
1 0.647265625 0.594921875 0.03515625 0.04921875
1 0.7234375 0.5125 0.0203125 0.00625
1 0.6421875 0.515234375 0.025 0.01171875
1 0.63359375 0.51484375 0.0078125 0.0109375
1 0.637109375 0.51484375 0.01484375 0.0109375
1 0.6375 0.51484375 0.015625 0.0109375
1 0.638671875 0.516015625 0.01796875 0.01328125
1 0.63671875 0.545703125 0.0140625 0.02109375
1 0.633984375 0.602734375 0.00859375 0.01484375
1 0.63515625 0.606640625 0.0109375 0.02109375
1 0.637890625 0.516796875 0.01640625 0.01484375
1 0.634375 0.5140625 0.009375 0.009375
1 0.637890625 0.5609375 0.01640625 0.0265625
1 0.635546875 0.6546875 0.01171875 0.0203125
1 0.6671875 0.762109375 0.075 0.03828125