0 0.36171875 0.115625 0.0265625 0.02265625
0 0.5328125 0.11484375 0.02265625 0.02890625
0 0.60625 0.046875 0.02734375 0.02421875
0 0.778125 0.12578125 0.046875 0.04609375
0 0.70703125 0.14296875 0.06875 0.0859375
0 0.640625 0.19765625 0.0296875 0.0234375
0 0.8 0.25625 0.03046875 0.028125
0 0.73046875 0.29296875 0.059375 0.0625
0 0.6546875 0.340625 0.03828125 0.0359375
0 0.6859375 0.4015625 0.0296875 0.046875
0 0.8171875 0.36328125 0.03203125 0.03125
0 0.50546875 0.32890625 0.03359375 0.06015625
0 0.4015625 0.29765625 0.03203125 0.05546875
0 0.3 0.42890625 0.03671875 0.0390625
0 0.47578125 0.43046875 0.06328125 0.05859375
0 0.57890625 0.43359375 0.0484375 0.04765625
0 0.7703125 0.50390625 0.021875 0.021875
0 0.67421875 0.53046875 0.03359375 0.0359375
0 0.6359375 0.590625 0.01875 0.0203125
0 0.74140625 0.6578125 0.0703125 0.059375
0 0.64375 0.63828125 0.0265625 0.0265625
0 0.59453125 0.63359375 0.02578125 0.02265625
0 0.78515625 0.76953125 0.02890625 0.03515625
0 0.5140625 0.73359375 0.025 0.03515625
0 0.43359375 0.61953125 0.02890625 0.03359375
0 0.32421875 0.5875 0.02890625 0.0328125
0 0.41171875 0.69765625 0.02265625 0.02265625
0 0.28984375 0.7390625 0.0265625 0.03125
0 0.403125 0.79609375 0.0234375 0.0265625
0 0.365625 0.86171875 0.04609375 0.065625
0 0.49140625 0.85546875 0.02421875 0.0296875
0 0.53359375 0.903125 0.02421875 0.0296875
0 0.6125 0.93046875 0.0328125 0.0265625
0 0.7078125 0.86328125 0.04453125 0.03515625
0 0.78125 0.87734375 0.03359375 0.03515625