0 0.007421875 0.6390625 0.01484375 0.028125
0 0.01484375 0.60234375 0.0296875 0.0625
0 0.009375 0.5546875 0.01875 0.0359375
0 0.007421875 0.49375 0.01484375 0.046875
0 0.0078125 0.53203125 0.015625 0.03125
0 0.115625 0.56640625 0.03359375 0.06015625
0 0.21953125 0.59765625 0.03203125 0.05546875
0 0.32109375 0.46640625 0.03671875 0.0390625
0 0.1453125 0.46484375 0.06328125 0.05859375
0 0.0421875 0.46171875 0.0484375 0.04765625
0 0.00546875 0.39140625 0.0109375 0.021875
0 0.008203125 0.36484375 0.01640625 0.0359375
0 0.0046875 0.3046875 0.009375 0.0203125
0 0.017578125 0.2375 0.03515625 0.059375
0 0.006640625 0.25703125 0.01328125 0.0265625
0 0.0265625 0.26171875 0.02578125 0.02265625
0 0.00703125 0.125390625 0.0140625 0.03515625
0 0.10703125 0.16171875 0.025 0.03515625
0 0.1875 0.27578125 0.02890625 0.03359375
0 0.296875 0.3078125 0.02890625 0.0328125
0 0.209375 0.19765625 0.02265625 0.02265625
0 0.33125 0.15625 0.0265625 0.03125
0 0.21796875 0.09921875 0.0234375 0.0265625
0 0.25546875 0.03359375 0.04609375 0.065625
0 0.1296875 0.03984375 0.02421875 0.0296875
0 0.087109375 0.007421875 0.02421875 0.01484375
0 0.0125 0.006640625 0.025 0.01328125
0 0.0109375 0.031640625 0.021875 0.03515625
0 0.008203125 0.017578125 0.01640625 0.03515625
0 0.96171875 0.63125 0.034375 0.0359375
0 0.853125 0.5796875 0.0421875 0.034375
0 0.7390625 0.6328125 0.0265625 0.03046875
0 0.7359375 0.51484375 0.03046875 0.03046875
0 0.76484375 0.3671875 0.05 0.04296875
0 0.903125 0.396875 0.0203125 0.0234375
0 0.8484375 0.30546875 0.025 0.025
0 0.994921875 0.431640625 0.01015625 0.01796875
0 0.9890625 0.24765625 0.021875 0.025
0 0.94453125 0.2015625 0.01796875 0.0203125
0 0.99296875 0.052734375 0.0140625 0.04921875
0 0.84765625 0.1109375 0.0328125 0.0296875
0 0.7890625 0.08828125 0.021875 0.0234375
0 0.831640625 0.009765625 0.04140625 0.01953125
0 0.76796875 0.221875 0.03046875 0.03359375
0 0.69609375 0.04453125 0.01484375 0.03046875
0 0.724609375 0.00859375 0.04296875 0.0171875
0 0.976171875 0.006640625 0.03359375 0.01328125
0 0.898046875 0.005078125 0.02578125 0.01015625
1 0.21171875 0.994921875 0.0265625 0.01015625
1 0.31015625 0.93203125 0.02734375 0.0296875
1 0.4515625 0.94765625 0.01875 0.02109375
1 0.44765625 0.87421875 0.0546875 0.053125
1 0.2625 0.8609375 0.0375 0.04140625
1 0.3359375 0.82109375 0.028125 0.03125
1 0.13984375 0.85703125 0.0421875 0.09375
1 0.4875 0.80234375 0.028125 0.02265625
1 0.45703125 0.721875 0.01875 0.01796875
1 0.3640625 0.7578125 0.02109375 0.02109375
1 0.3734375 0.6859375 0.0234375 0.0234375
1 0.309765625 0.67890625 0.04765625 0.01875
1 0.185546875 0.673828125 0.02109375 0.00859375
1 0.138671875 0.674609375 0.02734375 0.01015625
1 0.126953125 0.674609375 0.01796875 0.01015625
1 0.03125 0.679296875 0.0375 0.01953125
1 0.0046875 0.6796875 0.009375 0.0203125
1 0.016796875 0.743359375 0.03359375 0.07578125
1 0.17890625 0.7578125 0.0296875 0.0296875
1 0.00625 0.87265625 0.0125 0.028125
1 0.02578125 0.953125 0.0171875 0.0203125
3 0.79921875 0.884375 0.04375 0.0515625
3 0.69921875 0.88671875 0.028125 0.0265625
3 0.61953125 0.890625 0.0203125 0.046875
3 0.6890625 0.8359375 0.04375 0.040625
3 0.6171875 0.781640625 0.015625 0.03984375
3 0.79140625 0.76875 0.03828125 0.0359375
3 0.91484375 0.8546875 0.0375 0.03671875
3 0.94609375 0.71875 0.03828125 0.03671875
3 0.882421875 0.679296875 0.03515625 0.01953125
3 0.766796875 0.6828125 0.04296875 0.0265625
3 0.949609375 0.676171875 0.02421875 0.01328125
3 0.946484375 0.68125 0.04453125 0.0234375
3 0.892578125 0.679296875 0.03984375 0.01953125
3 0.799609375 0.678515625 0.03359375 0.01796875
3 0.712109375 0.6796875 0.03828125 0.0203125
3 0.628125 0.680078125 0.0375 0.02109375
3 0.616015625 0.6796875 0.01328125 0.0203125
3 0.641796875 0.68046875 0.04140625 0.021875