0 0.21484375 0.03515625 0.02578125 0.025
0 0.31640625 0.13515625 0.06875 0.08515625
0 0.38828125 0.11640625 0.046875 0.04765625
0 0.25 0.18671875 0.03203125 0.0234375
0 0.4859375 0.02890625 0.028125 0.040625
0 0.453125 0.184375 0.0265625 0.03046875
0 0.41015625 0.246875 0.02890625 0.03046875
0 0.54453125 0.2421875 0.03203125 0.028125
0 0.56875 0.090625 0.028125 0.03828125
0 0.62578125 0.0671875 0.025 0.034375
0 0.71171875 0.09453125 0.040625 0.04296875
0 0.70703125 0.1640625 0.021875 0.0234375
0 0.72890625 0.25078125 0.03828125 0.0359375
0 0.63984375 0.2625 0.06484375 0.0453125
0 0.7390625 0.315625 0.02734375 0.03984375
0 0.65078125 0.3625 0.02265625 0.021875
0 0.55390625 0.29609375 0.03125 0.0515625
0 0.6375 0.4234375 0.028125 0.03125
0 0.703125 0.4546875 0.0203125 0.025
0 0.49375 0.4265625 0.04609375 0.03515625
0 0.42890625 0.3546875 0.03515625 0.03203125
0 0.34140625 0.28359375 0.05625 0.06171875
0 0.265625 0.33046875 0.040625 0.03671875
0 0.296875 0.390625 0.03359375 0.04453125
0 0.18984375 0.42265625 0.0453125 0.04609375
0 0.28359375 0.5203125 0.034375 0.03671875
0 0.38046875 0.49453125 0.021875 0.0203125
0 0.24453125 0.58046875 0.02265625 0.021875
0 0.20234375 0.6234375 0.0265625 0.0203125
0 0.2515625 0.628125 0.028125 0.028125
0 0.34921875 0.6484375 0.0734375 0.05859375
0 0.5359375 0.53046875 0.0296875 0.03515625
0 0.59296875 0.5390625 0.03046875 0.03046875
0 0.73125 0.52578125 0.0390625 0.03125
0 0.75703125 0.6328125 0.02734375 0.03515625
0 0.578125 0.6484375 0.0234375 0.0359375
0 0.60546875 0.7015625 0.0359375 0.03515625
0 0.71953125 0.75 0.0265625 0.02890625
0 0.66015625 0.79296875 0.03984375 0.034375
0 0.66875 0.878125 0.02109375 0.0265625
0 0.51484375 0.78984375 0.02734375 0.0296875
0 0.53828125 0.8765625 0.03203125 0.028125
0 0.390625 0.7609375 0.02890625 0.034375
0 0.3859375 0.86640625 0.034375 0.034375
0 0.31328125 0.8546875 0.04375 0.0359375
0 0.2171875 0.91953125 0.03125 0.02265625