0 0.45859375 0.0265625 0.04140625 0.0390625
0 0.3640625 0.078125 0.028125 0.0375
0 0.51875 0.103125 0.03515625 0.028125
0 0.58984375 0.1328125 0.01953125 0.02421875
0 0.54296875 0.1796875 0.03515625 0.04296875
0 0.51796875 0.2484375 0.02421875 0.03203125
0 0.6703125 0.06328125 0.0234375 0.0296875
0 0.77421875 0.06640625 0.0609375 0.0625
0 0.671875 0.13828125 0.034375 0.02890625
0 0.74765625 0.2546875 0.02578125 0.02578125
0 0.82421875 0.36484375 0.0171875 0.0375
0 0.70078125 0.37734375 0.0328125 0.028125
0 0.56796875 0.378125 0.02265625 0.02734375
0 0.47421875 0.309375 0.0328125 0.03203125
0 0.30390625 0.2671875 0.03515625 0.0390625
0 0.36171875 0.315625 0.0390625 0.0453125
0 0.25078125 0.38203125 0.0265625 0.02578125
0 0.33671875 0.3921875 0.0390625 0.03515625
0 0.2828125 0.50390625 0.03125 0.02890625
0 0.22421875 0.57109375 0.0265625 0.02734375
0 0.334375 0.565625 0.03203125 0.0328125
0 0.41015625 0.50078125 0.02734375 0.02890625
0 0.48203125 0.4765625 0.02265625 0.02734375
0 0.42109375 0.59453125 0.03203125 0.02734375
0 0.3890625 0.63125 0.03984375 0.028125
0 0.325 0.63828125 0.04140625 0.04140625
0 0.565625 0.5640625 0.0390625 0.03125
0 0.64140625 0.52890625 0.01953125 0.01953125
0 0.553125 0.6765625 0.015625 0.015625
0 0.553125 0.64765625 0.046875 0.08671875
0 0.79609375 0.55 0.0421875 0.04140625
0 0.75703125 0.67578125 0.034375 0.021875
0 0.7578125 0.72421875 0.040625 0.05859375
0 0.82578125 0.81953125 0.0140625 0.0390625
0 0.7734375 0.8671875 0.015625 0.02265625
0 0.68046875 0.875 0.046875 0.0421875
0 0.58046875 0.84140625 0.03046875 0.034375
0 0.4640625 0.7171875 0.03515625 0.02578125
0 0.24453125 0.7203125 0.07421875 0.03984375
0 0.21796875 0.78671875 0.02109375 0.0265625
0 0.37734375 0.83046875 0.0265625 0.0203125
0 0.47578125 0.846875 0.0203125 0.02578125
0 0.53203125 0.890625 0.03515625 0.04140625
0 0.434375 0.91875 0.0234375 0.02421875
0 0.39609375 0.77109375 0.03828125 0.034375