0 0.11953125 0.554296875 0.0328125 0.01015625
0 0.00625 0.55 0.0125 0.01875
0 0.0125 0.53984375 0.025 0.0390625
0 0.009375 0.54375 0.01875 0.03125
0 0.009375 0.5078125 0.01875 0.0421875
0 0.010546875 0.42265625 0.02109375 0.053125
0 0.005859375 0.3640625 0.01171875 0.028125
0 0.00859375 0.37421875 0.0171875 0.028125
0 0.04453125 0.446875 0.025 0.02421875
0 0.225 0.32421875 0.025 0.02890625
0 0.090625 0.32421875 0.03359375 0.028125
0 0.012890625 0.3265625 0.02578125 0.0328125
0 0.00546875 0.301171875 0.0109375 0.02265625
0 0.00625 0.261328125 0.0125 0.02109375
0 0.008203125 0.235546875 0.01640625 0.02265625
0 0.0046875 0.16484375 0.009375 0.021875
0 0.007421875 0.127734375 0.01484375 0.03359375
0 0.0109375 0.151171875 0.021875 0.04140625
0 0.010546875 0.096875 0.02109375 0.0390625
0 0.00625 0.041015625 0.0125 0.03671875
0 0.008203125 0.083984375 0.01640625 0.06328125
0 0.012890625 0.01484375 0.02578125 0.0296875
0 0.0078125 0.0078125 0.015625 0.015625
0 0.0109375 0.012890625 0.021875 0.02578125
0 0.006640625 0.00546875 0.01328125 0.0109375
0 0.034375 0.02578125 0.03671875 0.02265625
0 0.031640625 0.01484375 0.04140625 0.0296875
0 0.14921875 0.171875 0.0203125 0.021875
0 0.22421875 0.1375 0.0359375 0.03203125
0 0.007421875 0.009765625 0.01484375 0.01953125
0 0.0171875 0.00546875 0.0171875 0.0109375
0 0.109765625 0.009765625 0.04765625 0.01953125
0 0.21171875 0.008984375 0.0296875 0.01796875
0 0.005078125 0.007421875 0.01015625 0.01484375
3 0.56875 0.55234375 0.03125 0.0140625
3 0.37421875 0.549609375 0.0484375 0.01953125
3 0.3890625 0.43828125 0.0265625 0.02734375
3 0.61640625 0.421875 0.01484375 0.01484375
3 0.8109375 0.50078125 0.0390625 0.03828125
3 0.85625 0.4734375 0.0375 0.0375
3 0.8890625 0.403125 0.01875 0.01796875
3 0.93125 0.36640625 0.03359375 0.0421875
3 0.9234375 0.31484375 0.01640625 0.01953125
3 0.80703125 0.40234375 0.03671875 0.034375
3 0.75078125 0.34375 0.03984375 0.0453125
3 0.6796875 0.31640625 0.01875 0.0234375
3 0.60546875 0.34453125 0.0375 0.0359375
3 0.625 0.28828125 0.0421875 0.0421875
3 0.5703125 0.2515625 0.01875 0.0203125
3 0.70859375 0.22578125 0.02421875 0.021875
3 0.43359375 0.35 0.0328125 0.03515625
3 0.367578125 0.322265625 0.03515625 0.04140625
3 0.378125 0.13671875 0.01640625 0.02109375
3 0.55625 0.18671875 0.0484375 0.04765625
3 0.62890625 0.153125 0.03359375 0.03046875
3 0.51796875 0.125 0.0390625 0.0421875
3 0.4421875 0.0421875 0.0359375 0.0375
3 0.525 0.046875 0.03515625 0.0328125
3 0.57890625 0.0515625 0.03671875 0.0390625
3 0.896875 0.26484375 0.0359375 0.03671875
3 0.87578125 0.21875 0.021875 0.02421875
3 0.84609375 0.1796875 0.0265625 0.0296875
3 0.78125 0.14765625 0.03515625 0.04140625
3 0.75 0.08125 0.034375 0.03359375
3 0.79921875 0.0234375 0.046875 0.0453125
3 0.69296875 0.009765625 0.040625 0.01953125
3 0.5296875 0.004296875 0.01875 0.00859375
0 0.88046875 0.03046875 0.01640625 0.01875
0 0.3 0.8765625 0.0296875 0.03359375
0 0.12421875 0.86875 0.01640625 0.02109375
0 0.3203125 0.7421875 0.02109375 0.021875
0 0.22734375 0.6984375 0.0203125 0.0296875
0 0.19921875 0.84296875 0.03046875 0.0328125
0 0.05625 0.81796875 0.0375 0.0359375
0 0.10703125 0.7296875 0.04453125 0.040625
0 0.17890625 0.62109375 0.02578125 0.01640625
0 0.0125 0.97421875 0.025 0.0515625
0 0.01015625 0.8734375 0.0203125 0.0359375
0 0.005859375 0.787890625 0.01171875 0.01484375
0 0.00859375 0.6453125 0.0171875 0.028125
0 0.009765625 0.577734375 0.01953125 0.03671875
0 0.0078125 0.574609375 0.015625 0.02421875
0 0.163671875 0.56640625 0.03046875 0.0140625
0 0.112109375 0.56875 0.03203125 0.01875
0 0.256640625 0.56796875 0.04453125 0.0171875
0 0.80078125 0.96953125 0.0421875 0.03359375
0 0.49609375 0.97421875 0.03203125 0.03046875
0 0.4625 0.9328125 0.02109375 0.0296875
0 0.35625 0.95234375 0.0125 0.040625
0 0.609375 0.8921875 0.0421875 0.03359375
0 0.48359375 0.8421875 0.03515625 0.0296875
0 0.68359375 0.903125 0.0296875 0.0328125
0 0.85078125 0.78671875 0.0203125 0.0234375
0 0.71328125 0.75625 0.05078125 0.04296875
0 0.79609375 0.6953125 0.02578125 0.025
0 0.55625 0.75859375 0.025 0.02890625
0 0.71484375 0.61171875 0.0296875 0.03359375
0 0.5390625 0.60390625 0.01640625 0.02109375
0 0.8921875 0.590625 0.0171875 0.0203125
0 0.796875 0.5671875 0.034375 0.015625
0 0.734765625 0.56484375 0.02109375 0.0109375
0 0.6421875 0.566796875 0.0203125 0.01484375
0 0.6140625 0.578125 0.03046875 0.0328125
0 0.47109375 0.568359375 0.0375 0.01796875
0 0.521484375 0.56953125 0.04453125 0.0203125
0 0.593359375 0.56328125 0.02578125 0.0078125
0 0.4265625 0.8 0.02109375 0.02578125
0 0.3625 0.71015625 0.025 0.053125
0 0.3796875 0.60859375 0.04140625 0.0359375
0 0.355859375 0.562890625 0.01171875 0.00703125
0 0.35859375 0.56640625 0.0171875 0.0140625
0 0.359765625 0.569140625 0.01953125 0.01953125
0 0.415234375 0.565234375 0.03046875 0.01171875
0 0.578515625 0.56640625 0.03046875 0.0140625
0 0.526953125 0.56875 0.03203125 0.01875
0 0.671484375 0.56796875 0.04453125 0.0171875
0 0.780078125 0.569140625 0.04296875 0.01953125
0 0.847265625 0.564453125 0.02578125 0.01015625