0 0.28515625 0.06171875 0.02265625 0.02890625
0 0.3890625 0.06640625 0.06171875 0.0640625
0 0.20546875 0.13125 0.01953125 0.025
0 0.2890625 0.1375 0.0328125 0.02734375
0 0.5015625 0.03046875 0.025 0.034375
0 0.46875 0.1453125 0.025 0.02890625
0 0.54375 0.08671875 0.02421875 0.034375
0 0.62265625 0.06796875 0.0359375 0.028125
0 0.53125 0.1578125 0.05078125 0.0453125
0 0.65625 0.15625 0.03828125 0.03203125
0 0.75625 0.19296875 0.0375 0.0421875
0 0.55703125 0.278125 0.04296875 0.053125
0 0.646875 0.33671875 0.02421875 0.028125
0 0.7625 0.3265625 0.03515625 0.028125
0 0.3640625 0.25390625 0.025 0.02421875
0 0.18359375 0.3765625 0.025 0.02890625
0 0.31796875 0.3765625 0.03359375 0.028125
0 0.4625 0.37421875 0.05234375 0.0328125
0 0.7140625 0.39921875 0.021875 0.02265625
0 0.4765625 0.4390625 0.025 0.02109375
0 0.58828125 0.46484375 0.0328125 0.02265625
0 0.72578125 0.5359375 0.01953125 0.021875
0 0.63671875 0.57265625 0.0296875 0.03359375
0 0.41328125 0.54921875 0.04453125 0.04140625
0 0.74375 0.60390625 0.04296875 0.0390625
0 0.62734375 0.659375 0.02578125 0.03671875
0 0.49140625 0.61640625 0.03359375 0.06328125
0 0.559375 0.71953125 0.05234375 0.06015625
0 0.68046875 0.78359375 0.03125 0.03203125
0 0.60546875 0.80234375 0.04453125 0.0515625
0 0.46328125 0.71484375 0.0265625 0.021875
0 0.37421875 0.675 0.03671875 0.02265625
0 0.3765625 0.7234375 0.04140625 0.059375
0 0.259375 0.52890625 0.0203125 0.021875
0 0.184375 0.56328125 0.0359375 0.03203125
0 0.4515625 0.81875 0.03046875 0.03984375
0 0.39140625 0.8671875 0.0171875 0.02265625
0 0.2984375 0.87421875 0.04765625 0.03984375
0 0.196875 0.84296875 0.0296875 0.0359375
0 0.70703125 0.88359375 0.02109375 0.03046875