0 0.3765625 0.433984375 0.0265625 0.03203125
0 0.340625 0.46640625 0.028125 0.03984375
0 0.33359375 0.53046875 0.04140625 0.04140625
0 0.2953125 0.30234375 0.015625 0.015625
0 0.32421875 0.30234375 0.08671875 0.046875
0 0.29609375 0.0984375 0.021875 0.034375
0 0.24765625 0.09765625 0.05859375 0.040625
0 0.15234375 0.0296875 0.0390625 0.0140625
0 0.1046875 0.08203125 0.02265625 0.015625
0 0.096875 0.175 0.0421875 0.046875
0 0.13046875 0.275 0.034375 0.03046875
0 0.2546875 0.39140625 0.02578125 0.03515625
0 0.2515625 0.6109375 0.03984375 0.07421875
0 0.18515625 0.6375 0.0265625 0.02109375
0 0.14140625 0.478125 0.0203125 0.0265625
0 0.125 0.3796875 0.02578125 0.0203125
0 0.08125 0.3234375 0.04140625 0.03515625
0 0.053125 0.42109375 0.02421875 0.0234375
0 0.20078125 0.459375 0.034375 0.03828125
0 0.91953125 0.61015625 0.03125 0.0421875
0 0.9453125 0.42421875 0.03046875 0.02265625
0 0.87109375 0.39765625 0.028125 0.01640625
0 0.96640625 0.2125 0.02734375 0.01953125
0 0.90078125 0.25390625 0.0390625 0.03359375
0 0.90625 0.1203125 0.0375 0.0234375
0 0.85546875 0.17265625 0.046875 0.040625
0 0.80390625 0.1203125 0.0296875 0.0203125
0 0.7390625 0.13046875 0.03359375 0.02734375
0 0.740625 0.2109375 0.02421875 0.0359375
0 0.78046875 0.39453125 0.02109375 0.01953125
0 0.7328125 0.34765625 0.03046875 0.02421875
0 0.69609375 0.328125 0.02421875 0.02421875
0 0.64609375 0.3640625 0.021875 0.02109375
0 0.61171875 0.175 0.0296875 0.028125
0 0.78046875 0.6 0.02265625 0.02421875
0 0.74375 0.51484375 0.0296875 0.02109375
0 0.7703125 0.46015625 0.025 0.0234375
0 0.6703125 0.509375 0.03203125 0.02421875
0 0.677734375 0.6734375 0.02734375 0.0125
0 0.61640625 0.584375 0.03046875 0.0265625
0 0.55234375 0.46875 0.028125 0.0359375
0 0.5234375 0.35078125 0.04609375 0.04296875
0 0.496875 0.2390625 0.02890625 0.02421875
0 0.440625 0.17265625 0.0234375 0.021875
0 0.4375 0.3578125 0.02421875 0.01953125
0 0.45625 0.65 0.0375 0.03515625
0 0.4 0.673046875 0.0203125 0.01328125
0 0.396875 0.655859375 0.0140625 0.02578125
0 0.396875 0.593359375 0.0140625 0.03203125
0 0.394921875 0.4953125 0.01015625 0.0125
0 0.396484375 0.4890625 0.01328125 0.0203125
0 0.3953125 0.3859375 0.0109375 0.0171875
0 0.395703125 0.280078125 0.01171875 0.02578125
0 0.3953125 0.25859375 0.0109375 0.0234375
0 0.396875 0.45234375 0.0140625 0.028125
0 0.395703125 0.433984375 0.01171875 0.01796875
0 0.3984375 0.381640625 0.0171875 0.02890625
0 0.3953125 0.30078125 0.0109375 0.0265625
0 0.396875 0.336328125 0.0140625 0.02265625
0 0.395703125 0.18828125 0.01171875 0.01875
0 0.396484375 0.340625 0.01328125 0.028125
0 0.396875 0.23828125 0.0140625 0.0265625
0 0.398828125 0.137890625 0.01796875 0.03046875
0 0.375390625 0.828515625 0.02890625 0.02578125
0 0.385546875 0.973828125 0.00859375 0.02734375
0 0.29765625 0.95625 0.03359375 0.02890625
0 0.25078125 0.8953125 0.03671875 0.0265625
0 0.25 0.85546875 0.01953125 0.01953125
0 0.21484375 0.78359375 0.03359375 0.02578125
0 0.1625 0.98828125 0.03046875 0.01796875
0 0.10390625 0.9 0.02890625 0.03046875
0 0.0234375 0.83125 0.03046875 0.02578125
0 0.00625 0.994140625 0.0125 0.01171875
3 0.93203125 0.89921875 0.0359375 0.0328125
3 0.9234375 0.85078125 0.03671875 0.034375
3 0.8296875 0.934375 0.015625 0.01875
3 0.8015625 0.77890625 0.03984375 0.03515625
3 0.709375 0.94765625 0.04765625 0.04140625
3 0.63671875 0.83203125 0.040625 0.0328125
3 0.55390625 0.721875 0.02109375 0.02265625
3 0.50234375 0.8328125 0.04453125 0.04375
3 0.58125 0.9546875 0.0328125 0.03125
3 0.44765625 0.8421875 0.0421875 0.0359375
3 0.40390625 0.9515625 0.028125 0.0390625