0 0.00859375 0.3453125 0.0171875 0.025
0 0.00859375 0.302734375 0.0171875 0.02421875
0 0.00703125 0.22421875 0.0140625 0.0359375
0 0.011328125 0.315234375 0.02265625 0.05078125
0 0.0078125 0.190234375 0.015625 0.03828125
0 0.010546875 0.090625 0.02109375 0.0375
0 0.01328125 0.289453125 0.0265625 0.04296875
0 0.00703125 0.199609375 0.0140625 0.02421875
0 0.00703125 0.083984375 0.0140625 0.03515625
0 0.00546875 0.1328125 0.0109375 0.021875
0 0.005078125 0.363671875 0.01015625 0.01171875
0 0.00546875 0.25859375 0.0109375 0.0328125
0 0.04375 0.12109375 0.021875 0.01953125
0 0.08046875 0.21015625 0.03359375 0.0296875
0 0.11171875 0.103125 0.0390625 0.04296875
0 0.1671875 0.21953125 0.03671875 0.02578125
0 0.123828125 0.35390625 0.06328125 0.03125
0 0.22734375 0.2875 0.06015625 0.05234375
0 0.29140625 0.16640625 0.03203125 0.03125
0 0.31015625 0.24140625 0.0515625 0.04453125
3 0.368359375 0.35234375 0.01796875 0.034375
3 0.404296875 0.365625 0.02734375 0.0078125
3 0.375390625 0.25625 0.03203125 0.0375
3 0.368359375 0.18515625 0.01796875 0.0203125
3 0.36796875 0.18359375 0.0171875 0.0328125
3 0.369140625 0.1421875 0.01953125 0.0328125
3 0.369921875 0.063671875 0.02109375 0.04296875
3 0.367578125 0.008203125 0.01640625 0.01640625
3 0.370703125 0.005859375 0.02265625 0.01171875
3 0.40234375 0.010546875 0.040625 0.02109375
3 0.440625 0.0796875 0.03203125 0.0296875
3 0.521875 0.12265625 0.01875 0.01484375
3 0.5875 0.04140625 0.03828125 0.0375
3 0.61484375 0.0890625 0.0375 0.03515625
3 0.59609375 0.19453125 0.03828125 0.03515625
3 0.50234375 0.21171875 0.03671875 0.03515625
3 0.5046875 0.309375 0.0390625 0.04140625
3 0.46171875 0.34765625 0.0375 0.03671875
3 0.659375 0.334375 0.04453125 0.040625
3 0.7015625 0.32265625 0.0203125 0.01796875
3 0.80390625 0.3625 0.0453125 0.0140625
3 0.703125 0.24765625 0.0328125 0.03046875
3 0.765625 0.26328125 0.03984375 0.0375
3 0.875 0.278125 0.03203125 0.03203125
3 0.72109375 0.1640625 0.04375 0.03359375
3 0.68515625 0.121875 0.01875 0.01875
3 0.68515625 0.03984375 0.03515625 0.0375
3 0.77265625 0.15546875 0.0171875 0.0140625
3 0.8234375 0.12890625 0.0375 0.0359375
3 0.74453125 0.009375 0.04375 0.01875
3 0.77265625 0.00234375 0.025 0.0046875
3 0.862109375 0.00625 0.02265625 0.0125
3 0.86953125 0.10859375 0.02421875 0.021875
3 0.90859375 0.078125 0.03046875 0.028125
3 0.940625 0.01640625 0.0421875 0.0328125
3 0.980859375 0.260546875 0.03828125 0.05234375
3 0.908984375 0.355078125 0.04453125 0.02890625
2 0.005859375 0.983203125 0.01171875 0.02109375
2 0.008984375 0.917578125 0.01796875 0.02890625
2 0.005859375 0.98828125 0.01171875 0.0234375
2 0.019921875 0.674609375 0.03984375 0.08984375
2 0.006640625 0.511328125 0.01328125 0.02109375
2 0.020703125 0.5515625 0.04140625 0.0609375
2 0.010546875 0.416796875 0.02109375 0.03828125
2 0.006640625 0.676953125 0.01328125 0.02578125
2 0.00703125 0.796875 0.0140625 0.0234375
2 0.005859375 0.93671875 0.01171875 0.01875
2 0.004296875 0.87265625 0.00859375 0.0171875
2 0.005078125 0.726953125 0.01015625 0.01640625
2 0.00625 0.6640625 0.0125 0.021875
2 0.01015625 0.540234375 0.0203125 0.04296875
2 0.05078125 0.95703125 0.025 0.02890625
2 0.0875 0.9234375 0.03046875 0.02578125
2 0.11171875 0.8546875 0.02578125 0.021875
2 0.06953125 0.81015625 0.028125 0.02578125
2 0.08125 0.7671875 0.0171875 0.01484375
2 0.11484375 0.50859375 0.034375 0.03125
2 0.0328125 0.46484375 0.0171875 0.015625
2 0.20859375 0.7640625 0.021875 0.0234375
2 0.178125 0.64140625 0.0234375 0.02265625
2 0.215625 0.5171875 0.01875 0.01796875
2 0.26171875 0.41484375 0.03046875 0.0390625
2 0.2625 0.58828125 0.021875 0.0234375
2 0.26796875 0.92890625 0.13046875 0.11328125
2 0.33046875 0.821875 0.02578125 0.021875
0 0.36328125 0.892578125 0.0078125 0.01328125
0 0.5046875 0.91015625 0.03359375 0.0421875
0 0.45234375 0.79609375 0.03203125 0.0265625
0 0.3921875 0.725 0.02109375 0.0203125
0 0.5 0.60546875 0.03046875 0.03203125
0 0.54140625 0.571875 0.0296875 0.02109375
0 0.521875 0.4546875 0.040625 0.02578125
0 0.58203125 0.71875 0.03359375 0.0421875
0 0.63203125 0.59296875 0.0296875 0.03515625
0 0.57109375 0.79296875 0.0328125 0.0296875
0 0.6875 0.96015625 0.0234375 0.0203125
0 0.71796875 0.82265625 0.04296875 0.05078125
0 0.77890625 0.90546875 0.025 0.02578125
0 0.715625 0.665625 0.02890625 0.025
0 0.8625 0.82421875 0.03359375 0.0296875
0 0.8703125 0.6484375 0.02109375 0.01640625
0 0.88359375 0.996484375 0.0203125 0.00703125
0 0.97421875 0.90625 0.03203125 0.034375
0 0.99296875 0.844140625 0.0140625 0.02109375
0 0.89609375 0.7234375 0.0328125 0.03046875
0 0.92109375 0.58046875 0.0359375 0.0375
0 0.99453125 0.630859375 0.0109375 0.04453125
0 0.67421875 0.5359375 0.02578125 0.02109375
0 0.7640625 0.4078125 0.053125 0.05
0 0.865625 0.4890625 0.0359375 0.04140625
0 0.95078125 0.43828125 0.01484375 0.0234375