0 0.008203125 0.514453125 0.01640625 0.03046875
0 0.00546875 0.38828125 0.0109375 0.03125
0 0.00625 0.30703125 0.0125 0.021875
0 0.008984375 0.221484375 0.01796875 0.02109375
0 0.0109375 0.156640625 0.021875 0.03515625
0 0.00859375 0.11328125 0.0171875 0.03125
0 0.01484375 0.030859375 0.0296875 0.06171875
0 0.005859375 0.00703125 0.01171875 0.0140625
0 0.0125 0.012890625 0.025 0.02578125
0 0.00703125 0.132421875 0.0140625 0.03359375
0 0.008203125 0.030078125 0.01640625 0.03359375
0 0.01171875 0.15234375 0.0234375 0.03125
0 0.011328125 0.415625 0.02265625 0.0453125
0 0.006640625 0.412890625 0.01328125 0.02578125
0 0.008203125 0.3109375 0.01640625 0.0359375
0 0.11015625 0.38984375 0.03046875 0.0234375
0 0.1734375 0.3296875 0.0546875 0.06328125
0 0.23125 0.26875 0.02421875 0.01875
0 0.25234375 0.21328125 0.0203125 0.0234375
0 0.184765625 0.015625 0.03359375 0.03125
0 0.30625 0.08984375 0.03359375 0.028125
0 0.29609375 0.328125 0.03359375 0.0296875
0 0.2875 0.42109375 0.0328125 0.02734375
0 0.415625 0.3921875 0.02578125 0.02421875
0 0.3953125 0.21953125 0.0359375 0.02734375
0 0.44609375 0.2328125 0.0375 0.040625
0 0.4296875 0.07734375 0.01640625 0.02578125
0 0.3828125 0.011328125 0.05625 0.02265625
0 0.48515625 0.006640625 0.0296875 0.01328125
0 0.20625 0.008984375 0.04375 0.01796875
0 0.266796875 0.00234375 0.02265625 0.0046875
2 0.5375 0.38125 0.015625 0.0296875
2 0.545703125 0.2859375 0.03203125 0.0515625
2 0.53828125 0.370703125 0.0171875 0.02734375
2 0.534375 0.32890625 0.009375 0.015625
2 0.5546875 0.167578125 0.05 0.09140625
2 0.533984375 0.05859375 0.00859375 0.0171875
2 0.5359375 0.005859375 0.0125 0.01171875
2 0.53515625 0.005859375 0.0109375 0.01171875
2 0.538671875 0.04140625 0.01796875 0.0328125
2 0.54375 0.24609375 0.028125 0.03125
2 0.59921875 0.46796875 0.028125 0.0296875
2 0.615625 0.32421875 0.03046875 0.0234375
2 0.646875 0.24375 0.03515625 0.03046875
2 0.632421875 0.0125 0.03671875 0.025
2 0.73203125 0.44609375 0.03515625 0.034375
2 0.7921875 0.32578125 0.05390625 0.046875
2 0.76796875 0.203125 0.03671875 0.0390625
2 0.79375 0.0609375 0.0328125 0.02734375
2 0.829296875 0.005078125 0.02421875 0.01015625
2 0.88671875 0.41484375 0.02890625 0.0390625
2 0.990625 0.455078125 0.01875 0.02578125
2 0.921875 0.253125 0.02421875 0.0234375
2 0.99609375 0.363671875 0.0078125 0.03046875
2 0.95859375 0.0953125 0.0234375 0.02578125
0 0.012109375 0.991796875 0.02421875 0.01640625
0 0.03671875 0.8640625 0.06015625 0.05546875
0 0.06875 0.987890625 0.028125 0.02421875
0 0.10078125 0.9390625 0.04609375 0.0453125
0 0.0375 0.71875 0.0390625 0.0484375
0 0.0984375 0.75859375 0.03046875 0.0296875
0 0.20859375 0.95625 0.0671875 0.03984375
0 0.20234375 0.88984375 0.028125 0.04453125
0 0.1875 0.79609375 0.08203125 0.10234375
0 0.3484375 0.93984375 0.0234375 0.03046875
0 0.30546875 0.87421875 0.04296875 0.02734375
0 0.2953125 0.75703125 0.0328125 0.046875
0 0.3546875 0.6484375 0.02890625 0.034375
0 0.43046875 0.7375 0.03125 0.02578125
0 0.415625 0.8828125 0.01953125 0.02734375
0 0.509375 0.86484375 0.03359375 0.02890625
1 0.53515625 0.733203125 0.0109375 0.01953125
1 0.534765625 0.68046875 0.01015625 0.01875
1 0.5890625 0.64921875 0.0203125 0.0171875
1 0.65390625 0.76171875 0.02890625 0.0328125
1 0.559375 0.59375 0.01875 0.0078125
1 0.6921875 0.61015625 0.0140625 0.02109375
1 0.721875 0.59375 0.0203125 0.0078125
1 0.734375 0.7265625 0.015625 0.0171875
1 0.741796875 0.596875 0.01796875 0.0140625
1 0.54296875 0.59453125 0.0234375 0.009375
1 0.66015625 0.6 0.0578125 0.0203125
1 0.680078125 0.59375 0.01328125 0.0078125
1 0.73359375 0.59453125 0.0390625 0.009375
1 0.770703125 0.59453125 0.02578125 0.009375
1 0.828515625 0.594921875 0.04140625 0.01015625
1 0.89140625 0.594140625 0.034375 0.00859375
1 0.8859375 0.81796875 0.01953125 0.0171875
1 0.87421875 0.68359375 0.02578125 0.0203125
1 0.9453125 0.6 0.01484375 0.01640625
1 0.991796875 0.59609375 0.01640625 0.0125
1 0.984375 0.6984375 0.03125 0.1359375
1 0.97890625 0.5953125 0.0171875 0.0109375