0 0.22578125 0.08515625 0.0296875 0.03203125
0 0.31015625 0.053125 0.06484375 0.0609375
0 0.18359375 0.1578125 0.034375 0.04609375
0 0.3796875 0.13984375 0.02890625 0.0234375
0 0.471875 0.09453125 0.034375 0.0375
0 0.36796875 0.21640625 0.05234375 0.0515625
0 0.52578125 0.15 0.03359375 0.03046875
0 0.53203125 0.2203125 0.04375 0.05625
0 0.64453125 0.0328125 0.028125 0.0328125
0 0.6296875 0.09375 0.025 0.0203125
0 0.628125 0.15625 0.02578125 0.02890625
0 0.70859375 0.23046875 0.034375 0.03046875
0 0.76484375 0.20859375 0.02734375 0.0328125
0 0.7703125 0.29765625 0.02109375 0.0171875
0 0.6375 0.3375 0.0359375 0.0453125
0 0.45390625 0.29765625 0.028125 0.0296875
0 0.5140625 0.425 0.046875 0.03828125
0 0.6296875 0.41640625 0.03828125 0.0421875
0 0.74921875 0.390625 0.06875 0.059375
0 0.6984375 0.49296875 0.04296875 0.0421875
0 0.62265625 0.4890625 0.02734375 0.0296875
0 0.52265625 0.496875 0.034375 0.04140625
0 0.209375 0.3140625 0.034375 0.02734375
0 0.18984375 0.4328125 0.03203125 0.0359375
0 0.31171875 0.40546875 0.0328125 0.03515625
0 0.33125 0.61171875 0.0359375 0.03125
0 0.396875 0.6328125 0.03828125 0.04609375
0 0.50859375 0.58515625 0.03203125 0.0359375
0 0.45 0.690625 0.0296875 0.02734375
0 0.6265625 0.58203125 0.0296875 0.03125
0 0.75625 0.61640625 0.040625 0.034375
0 0.56796875 0.7328125 0.040625 0.034375
0 0.659375 0.8078125 0.028125 0.0359375
0 0.765625 0.79453125 0.0296875 0.034375
0 0.6375 0.890625 0.021875 0.02578125
0 0.49453125 0.76328125 0.0203125 0.02734375
0 0.503125 0.90078125 0.04453125 0.0296875
0 0.35859375 0.80859375 0.0453125 0.05546875
0 0.37265625 0.91171875 0.02578125 0.02734375
0 0.2671875 0.8578125 0.025 0.01640625
0 0.25390625 0.734375 0.02734375 0.03125