0 0.215625 0.22109375 0.03046875 0.0328125
0 0.3421875 0.14765625 0.03125 0.021875
0 0.4234375 0.24375 0.021875 0.02578125
0 0.50859375 0.17421875 0.02109375 0.0359375
0 0.5734375 0.1578125 0.03515625 0.04453125
0 0.6171875 0.084375 0.03125 0.034375
0 0.70078125 0.05078125 0.0640625 0.06015625
0 0.77109375 0.13828125 0.028125 0.0234375
0 0.75625 0.21640625 0.0515625 0.05078125
0 0.59765625 0.3125 0.03359375 0.028125
0 0.7 0.403125 0.03359375 0.0328125
0 0.578125 0.43125 0.03125 0.03671875
0 0.31484375 0.25859375 0.0453125 0.04609375
0 0.3171875 0.37734375 0.02578125 0.02734375
0 0.41953125 0.3734375 0.0359375 0.03359375
0 0.340625 0.5359375 0.0234375 0.03046875
0 0.40078125 0.59921875 0.06328125 0.0546875
0 0.46171875 0.65703125 0.01875 0.02421875
0 0.5171875 0.678125 0.0234375 0.0203125
0 0.71875 0.6109375 0.0390625 0.03359375
0 0.640625 0.73203125 0.028125 0.03359375
0 0.40234375 0.721875 0.0296875 0.03359375
0 0.309375 0.71328125 0.02734375 0.0328125
0 0.33828125 0.84140625 0.02421875 0.02578125
0 0.5109375 0.82109375 0.02734375 0.0359375
0 0.49765625 0.871875 0.040625 0.0375
0 0.653125 0.85546875 0.02578125 0.01640625
0 0.74609375 0.80859375 0.04609375 0.05625
0 0.76015625 0.9109375 0.02734375 0.0296875
0 0.78359375 0.63203125 0.03671875 0.04375
0 0.828125 0.69296875 0.01015625 0.02265625