0 0.35234375 0.3734375 0.04296875 0.0421875
0 0.2765625 0.37734375 0.02734375 0.0296875
0 0.1765625 0.36953125 0.034375 0.04140625
0 0.008984375 0.2546875 0.01796875 0.03125
0 0.05078125 0.23359375 0.03828125 0.04609375
0 0.1625 0.28125 0.03203125 0.0359375
0 0.10390625 0.17578125 0.0296875 0.02734375
0 0.28046875 0.284375 0.0296875 0.03125
0 0.41015625 0.25 0.040625 0.034375
0 0.221875 0.13359375 0.040625 0.034375
0 0.31328125 0.05859375 0.028125 0.0359375
0 0.41953125 0.071875 0.0296875 0.034375
0 0.29140625 0.00625 0.021875 0.0125
0 0.1484375 0.103125 0.0203125 0.02734375
0 0.156640625 0.007421875 0.04453125 0.01484375
0 0.017578125 0.057421875 0.03515625 0.05546875
0 0.026171875 0.006640625 0.02578125 0.01328125
0 0.00625 0.008203125 0.0125 0.01640625
0 0.006640625 0.13203125 0.01328125 0.03125
1 0.89921875 0.30078125 0.0859375 0.153125
1 0.7484375 0.36953125 0.01953125 0.02421875
1 0.69609375 0.33359375 0.03203125 0.03359375
1 0.79140625 0.26953125 0.025 0.02578125
1 0.69453125 0.27578125 0.021875 0.02109375
1 0.6671875 0.240625 0.0234375 0.02265625
1 0.584375 0.306640625 0.009375 0.02265625
1 0.584375 0.23828125 0.009375 0.0171875
1 0.58359375 0.148046875 0.0078125 0.01796875
1 0.638671875 0.15390625 0.11796875 0.0671875
1 0.583203125 0.04296875 0.00703125 0.03125
1 0.646875 0.0625 0.01328125 0.0203125
1 0.80390625 0.059375 0.1234375 0.11171875
1 0.678125 0.01484375 0.02265625 0.01875
1 0.5875 0.0046875 0.015625 0.009375
1 0.584765625 0.005859375 0.01015625 0.01171875
1 0.6984375 0.012109375 0.090625 0.02421875
1 0.788671875 0.005078125 0.02421875 0.01015625
1 0.862109375 0.006640625 0.02109375 0.01328125
1 0.6171875 0.022265625 0.075 0.04453125
1 0.585546875 0.00625 0.01171875 0.0125
1 0.58515625 0.00546875 0.0109375 0.0109375
1 0.585546875 0.0078125 0.01171875 0.015625
1 0.583203125 0.0046875 0.00703125 0.009375
1 0.58828125 0.0078125 0.0171875 0.015625
1 0.703515625 0.006640625 0.02421875 0.01328125
1 0.666015625 0.00859375 0.02734375 0.0171875
1 0.73203125 0.00625 0.03125 0.0125
1 0.79921875 0.005078125 0.0171875 0.01015625
1 0.8859375 0.008203125 0.03125 0.01640625
1 0.582421875 0.156640625 0.00546875 0.02109375
0 0.2171875 0.98671875 0.01953125 0.02421875
0 0.1703125 0.93984375 0.03515625 0.04296875
0 0.1453125 0.87109375 0.02421875 0.03203125
0 0.29921875 0.98125 0.034375 0.02890625
0 0.375 0.86484375 0.02578125 0.02578125
0 0.4515625 0.7546875 0.0171875 0.0375
0 0.328125 0.7421875 0.0328125 0.028125
0 0.1953125 0.74140625 0.02265625 0.02734375
0 0.1015625 0.81015625 0.0328125 0.03203125
0 0.00859375 0.85234375 0.0171875 0.0390625
0 0.009765625 0.80390625 0.01953125 0.0453125
0 0.006640625 0.737109375 0.01328125 0.02578125
0 0.009765625 0.726953125 0.01953125 0.03515625
0 0.0078125 0.615234375 0.015625 0.02890625
0 0.006640625 0.548046875 0.01328125 0.02734375
0 0.0078125 0.55390625 0.015625 0.0328125
0 0.0375 0.61875 0.02734375 0.02890625
0 0.109375 0.64296875 0.02265625 0.02734375
0 0.0484375 0.525 0.03203125 0.02734375
0 0.01796875 0.48828125 0.0359375 0.028125
0 0.01015625 0.480859375 0.0203125 0.04140625
0 0.19296875 0.55546875 0.0390625 0.03125
0 0.26875 0.590625 0.01953125 0.01953125
0 0.18046875 0.44296875 0.015625 0.015625
0 0.18046875 0.471875 0.046875 0.08671875
0 0.4234375 0.56953125 0.0421875 0.04140625
0 0.384375 0.44375 0.034375 0.021875
0 0.38515625 0.433984375 0.040625 0.02890625
0 0.453125 0.429296875 0.0140625 0.01953125
0 0.40078125 0.425 0.015625 0.0109375
0 0.3078125 0.430078125 0.046875 0.02109375
0 0.207421875 0.428125 0.03046875 0.0171875
0 0.091015625 0.42578125 0.03515625 0.0125
0 0.018359375 0.429296875 0.03671875 0.01953125
0 0.005078125 0.426171875 0.01015625 0.01328125
0 0.008984375 0.424609375 0.01796875 0.01015625
0 0.103125 0.42578125 0.0203125 0.0125
0 0.158984375 0.4296875 0.03515625 0.0203125
0 0.06171875 0.425390625 0.0234375 0.01171875
0 0.023046875 0.428125 0.03828125 0.0171875
2 0.65703125 0.99296875 0.01875 0.0140625
2 0.866015625 0.99765625 0.01640625 0.0046875
2 0.9296875 0.9375 0.021875 0.02578125
2 0.63671875 0.88046875 0.02890625 0.025
2 0.6703125 0.84375 0.02578125 0.03046875
2 0.7390625 0.81953125 0.021875 0.02578125
2 0.78359375 0.86171875 0.02578125 0.028125
2 0.8265625 0.85 0.01484375 0.0171875
2 0.8296875 0.72265625 0.0234375 0.021875
2 0.95234375 0.753125 0.02265625 0.0234375
2 0.996875 0.66875 0.00625 0.021875
2 0.66484375 0.66328125 0.11328125 0.13046875
2 0.771875 0.60078125 0.021875 0.02578125
2 0.653125 0.54765625 0.02578125 0.02421875
2 0.953125 0.56015625 0.02578125 0.028125
2 0.86171875 0.521875 0.01953125 0.021875
2 0.99375 0.42734375 0.0125 0.015625
2 0.82421875 0.434375 0.025 0.021875
2 0.6359375 0.431640625 0.040625 0.02421875
2 0.748046875 0.425 0.01953125 0.0109375
2 0.884765625 0.426953125 0.02265625 0.01484375
2 0.60234375 0.4265625 0.0234375 0.0140625