0 0.511328125 0.25390625 0.03671875 0.03125
0 0.40703125 0.01640625 0.03046875 0.0234375
0 0.34375 0.0765625 0.0546875 0.06328125
0 0.2859375 0.1375 0.02421875 0.01875
0 0.26484375 0.19296875 0.0203125 0.0234375
0 0.22109375 0.078125 0.03359375 0.0296875
0 0.2296875 0.006640625 0.0328125 0.01328125
0 0.1015625 0.0140625 0.02578125 0.02421875
0 0.121875 0.18671875 0.0359375 0.02734375
0 0.07109375 0.1734375 0.0375 0.040625
1 0.990625 0.005078125 0.01875 0.01015625
1 0.97578125 0.004296875 0.01875 0.00859375
1 0.939453125 0.00390625 0.01640625 0.0078125
1 0.908203125 0.006640625 0.02734375 0.01328125
1 0.944921875 0.005078125 0.03046875 0.01015625
1 0.9 0.005859375 0.028125 0.01171875
1 0.900390625 0.004296875 0.01953125 0.00859375
1 0.92890625 0.005859375 0.01875 0.01171875
1 0.9515625 0.07109375 0.02578125 0.01875
1 0.865234375 0.004296875 0.02109375 0.00859375
1 0.85859375 0.004296875 0.025 0.00859375
1 0.88046875 0.03125 0.02265625 0.03359375
1 0.878125 0.0921875 0.05234375 0.05859375
1 0.83359375 0.0140625 0.02734375 0.02265625
1 0.81875 0.16328125 0.02265625 0.02578125
1 0.803125 0.00390625 0.0171875 0.0078125
1 0.761328125 0.003125 0.01796875 0.00625
1 0.770703125 0.00546875 0.02109375 0.0109375
1 0.770703125 0.0046875 0.03671875 0.009375
1 0.778125 0.007421875 0.01875 0.01484375
1 0.71796875 0.005078125 0.0203125 0.01015625
1 0.702734375 0.01328125 0.01796875 0.0265625
1 0.66953125 0.046875 0.02109375 0.021875
1 0.679296875 0.005078125 0.03046875 0.01015625
1 0.678125 0.004296875 0.01875 0.00859375
1 0.68203125 0.003515625 0.025 0.00703125
1 0.598828125 0.005859375 0.03515625 0.01171875
1 0.561328125 0.005078125 0.01953125 0.01015625
1 0.53515625 0.00703125 0.0109375 0.0140625
1 0.544921875 0.00546875 0.02421875 0.0109375
1 0.590234375 0.005078125 0.02421875 0.01015625
1 0.630859375 0.003515625 0.02734375 0.00703125
1 0.53515625 0.005078125 0.0109375 0.01015625
1 0.53515625 0.00625 0.0109375 0.0125
1 0.53515625 0.005078125 0.0109375 0.01015625
1 0.5359375 0.0046875 0.0125 0.009375
1 0.538671875 0.005859375 0.01796875 0.01171875
1 0.53828125 0.03515625 0.0171875 0.0359375
1 0.535546875 0.006640625 0.01171875 0.01328125
1 0.537109375 0.005078125 0.01484375 0.01015625
1 0.5359375 0.005859375 0.0125 0.01171875
1 0.537109375 0.009765625 0.01484375 0.01953125
0 0.50703125 0.54921875 0.04296875 0.04609375
0 0.5 0.4671875 0.0296875 0.03125
0 0.47421875 0.31875 0.025 0.02578125
0 0.47734375 0.715625 0.0296875 0.03515625
0 0.41171875 0.675 0.03984375 0.0453125
0 0.41484375 0.8015625 0.0234375 0.021875
0 0.33125 0.84140625 0.03359375 0.04296875
0 0.31953125 0.634375 0.03359375 0.03828125
0 0.375 0.59375 0.01484375 0.01328125
0 0.22734375 0.375 0.03671875 0.0296875
0 0.20859375 0.4671875 0.025 0.03828125
0 0.1546875 0.63515625 0.02578125 0.02109375
0 0.1140625 0.5609375 0.02265625 0.01875
0 0.10234375 0.4625 0.02421875 0.02734375
0 0.2703125 0.74765625 0.02734375 0.03515625
0 0.21015625 0.9328125 0.02421875 0.02109375
0 0.12578125 0.91015625 0.0375 0.0671875
0 0.0953125 0.81796875 0.0421875 0.03046875
0 0.0859375 0.69453125 0.03125 0.03046875
0 0.04609375 0.92890625 0.021875 0.02578125
0 0.01171875 0.921875 0.0234375 0.0359375
0 0.01015625 0.697265625 0.0203125 0.03515625
0 0.005859375 0.776953125 0.01171875 0.01953125
0 0.005859375 0.696484375 0.01171875 0.03046875
0 0.008203125 0.4125 0.01640625 0.0203125
0 0.01171875 0.531640625 0.0234375 0.05546875
0 0.0109375 0.517578125 0.021875 0.02734375
0 0.00703125 0.577734375 0.0140625 0.03046875
0 0.006640625 0.633203125 0.01328125 0.02578125
0 0.00703125 0.418359375 0.0140625 0.03828125
0 0.00625 0.867578125 0.0125 0.01640625
0 0.0046875 0.795703125 0.009375 0.02421875
0 0.95078125 0.634375 0.053125 0.04296875
0 0.8921875 0.72421875 0.028125 0.02421875
0 0.90234375 0.83984375 0.028125 0.03515625
0 0.975 0.44140625 0.02421875 0.025
0 0.851953125 0.29609375 0.02890625 0.0125
0 0.85234375 0.3953125 0.028125 0.03359375
0 0.8546875 0.53984375 0.0328125 0.05234375
0 0.8296875 0.79140625 0.02265625 0.021875
0 0.78984375 0.55390625 0.02109375 0.025
0 0.7640625 0.665625 0.02265625 0.0328125
0 0.69296875 0.803125 0.021875 0.01953125
0 0.65625 0.7140625 0.03359375 0.0296875
0 0.6796875 0.490625 0.04140625 0.04453125
0 0.625 0.82109375 0.0390625 0.04296875
0 0.56953125 0.7046875 0.03671875 0.02578125
0 0.6125 0.56875 0.06328125 0.03359375
0 0.54453125 0.636328125 0.0296875 0.05234375
0 0.5375 0.7578125 0.015625 0.03125
0 0.542578125 0.682421875 0.02578125 0.04453125
0 0.53515625 0.540625 0.0109375 0.0265625
0 0.55390625 0.4515625 0.02265625 0.03671875
0 0.54453125 0.453515625 0.0296875 0.04140625
0 0.7 0.33671875 0.021875 0.0203125
0 0.665234375 0.298828125 0.03203125 0.01796875
0 0.539453125 0.528515625 0.01953125 0.03046875
0 0.53515625 0.46875 0.0109375 0.0171875
0 0.539453125 0.375390625 0.01953125 0.04765625
0 0.538671875 0.297265625 0.01796875 0.01484375
0 0.537109375 0.783984375 0.01484375 0.02109375