0 0.20234375 0.07265625 0.0203125 0.0265625
0 0.1875 0.1453125 0.0234375 0.0203125
0 0.43359375 0.0546875 0.02890625 0.02578125
0 0.571875 0.01796875 0.025 0.0140625
0 0.45078125 0.10859375 0.03671875 0.03203125
0 0.5609375 0.10625 0.0296875 0.0265625
0 0.4203125 0.18125 0.03984375 0.03515625
0 0.35 0.21171875 0.021875 0.03046875
0 0.5609375 0.2671875 0.03203125 0.02578125
0 0.71171875 0.11796875 0.028125 0.02421875
0 0.72265625 0.1640625 0.02578125 0.034375
0 0.6796875 0.27890625 0.02734375 0.02421875
0 0.7671875 0.3640625 0.015625 0.0171875
0 0.7375 0.39140625 0.021875 0.02109375
0 0.67265625 0.3703125 0.02734375 0.0296875
0 0.47109375 0.32265625 0.0671875 0.0765625
0 0.2890625 0.3578125 0.021875 0.0234375
0 0.4640625 0.39921875 0.034375 0.0328125
0 0.56015625 0.46015625 0.01953125 0.025
0 0.68203125 0.46953125 0.04375 0.04921875
0 0.3296875 0.44140625 0.04453125 0.0328125
0 0.23515625 0.503125 0.0375 0.02890625
0 0.421875 0.5625 0.021875 0.02734375
0 0.40078125 0.64609375 0.06953125 0.0375
0 0.20234375 0.2953125 0.034375 0.02890625
0 0.175 0.36640625 0.0171875 0.03984375
0 0.1828125 0.6890625 0.03125 0.0296875
0 0.30703125 0.67890625 0.03046875 0.04140625
0 0.18671875 0.78359375 0.0359375 0.040625
0 0.41796875 0.72578125 0.0265625 0.021875
0 0.50625 0.64921875 0.04140625 0.03359375
0 0.1859375 0.840625 0.03046875 0.02421875
0 0.26640625 0.81328125 0.01953125 0.02265625
0 0.28359375 0.90625 0.02578125 0.01875
0 0.3546875 0.87734375 0.01796875 0.02421875
0 0.41015625 0.82734375 0.03515625 0.046875
0 0.471875 0.8296875 0.05390625 0.03828125
0 0.5390625 0.75625 0.0265625 0.03046875
0 0.628125 0.721875 0.028125 0.01953125
0 0.7515625 0.7671875 0.0359375 0.03359375
0 0.6953125 0.84453125 0.028125 0.04765625
0 0.6171875 0.9171875 0.01875 0.0359375
0 0.5359375 0.86484375 0.0203125 0.02578125
0 0.63125 0.6 0.02421875 0.02890625
0 0.690625 0.65390625 0.028125 0.03203125
0 0.7515625 0.64375 0.04140625 0.0390625