0 0.443359375 0.009765625 0.03203125 0.01953125
0 0.41484375 0.03359375 0.03046875 0.021875
0 0.358984375 0.0078125 0.02578125 0.015625
0 0.347265625 0.006640625 0.02421875 0.01328125
0 0.2625 0.00390625 0.0171875 0.0078125
0 0.234765625 0.00546875 0.02109375 0.0109375
0 0.25625 0.006640625 0.0296875 0.01328125
0 0.30390625 0.016796875 0.0765625 0.03359375
0 0.26875 0.09453125 0.0234375 0.021875
0 0.22734375 0.00859375 0.0328125 0.0171875
0 0.16640625 0.0046875 0.025 0.009375
0 0.156640625 0.0109375 0.04921875 0.021875
0 0.18515625 0.05390625 0.0328125 0.04453125
0 0.1234375 0.1484375 0.02890625 0.0375
0 0.063671875 0.00546875 0.02734375 0.0109375
0 0.009375 0.0171875 0.01875 0.034375
0 0.33125 0.18125 0.02890625 0.034375
0 0.26015625 0.20859375 0.03984375 0.0171875
0 0.007421875 0.20078125 0.01484375 0.03125
0 0.01015625 0.076171875 0.0203125 0.03046875
0 0.01015625 0.196875 0.0203125 0.0359375
0 0.00546875 0.006640625 0.0109375 0.01328125
0 0.008203125 0.01015625 0.01640625 0.0203125
0 0.005859375 0.197265625 0.01171875 0.03046875
0 0.00546875 0.116796875 0.0109375 0.01953125
0 0.0046875 0.099609375 0.009375 0.02578125
0 0.005859375 0.028515625 0.01171875 0.01796875
0 0.01171875 0.00859375 0.0234375 0.0171875
0 0.009375 0.01328125 0.01875 0.0265625
0 0.007421875 0.006640625 0.01484375 0.01328125
0 0.0046875 0.00703125 0.009375 0.0140625
0 0.008203125 0.008984375 0.01640625 0.01796875
0 0.01171875 0.00703125 0.0234375 0.0140625
0 0.008984375 0.0046875 0.01796875 0.009375
0 0.00625 0.005078125 0.0125 0.01015625
0 0.026171875 0.005859375 0.02890625 0.01171875
0 0.0078125 0.00703125 0.015625 0.0140625
0 0.009765625 0.01015625 0.01953125 0.0203125
3 0.991015625 0.283203125 0.01796875 0.03984375
3 0.95703125 0.16328125 0.0390625 0.03359375
3 0.946875 0.1078125 0.05625 0.0359375
3 0.90546875 0.22109375 0.0484375 0.0453125
3 0.76328125 0.21953125 0.04375 0.0421875
3 0.8515625 0.10625 0.0328125 0.03203125
3 0.48125 0.310546875 0.0421875 0.01796875
3 0.70703125 0.11484375 0.0421875 0.03671875
3 0.6671875 0.28046875 0.034375 0.03515625
3 0.46953125 0.201171875 0.0203125 0.03984375
1 0.40078125 0.8703125 0.028125 0.02109375
1 0.3859375 0.7453125 0.0234375 0.0203125
1 0.3 0.85234375 0.03046875 0.03046875
1 0.20625 0.997265625 0.025 0.00546875
1 0.2390625 0.846875 0.02265625 0.02265625
1 0.2796875 0.74921875 0.01875 0.01875
1 0.32734375 0.7703125 0.028125 0.02109375
1 0.31875 0.7078125 0.0328125 0.0203125
1 0.159375 0.96015625 0.0203125 0.0203125
1 0.15 0.72265625 0.02421875 0.02734375
1 0.2421875 0.67890625 0.021875 0.02734375
1 0.28046875 0.65234375 0.015625 0.0171875
1 0.40234375 0.55390625 0.0203125 0.01484375
1 0.3953125 0.47421875 0.01796875 0.01484375
1 0.26328125 0.56328125 0.02109375 0.02109375
1 0.18671875 0.56875 0.0203125 0.02109375
1 0.19921875 0.5171875 0.0203125 0.0234375
1 0.02734375 0.86640625 0.02890625 0.02421875
1 0.00546875 0.8078125 0.0109375 0.0234375
1 0.03125 0.75546875 0.01875 0.02265625
1 0.04140625 0.60703125 0.025 0.02265625
1 0.0421875 0.6984375 0.028125 0.01953125
1 0.19296875 0.47109375 0.0234375 0.0109375
2 0.8921875 0.94140625 0.02578125 0.02890625
2 0.9390625 0.7328125 0.0296875 0.02265625
2 0.9203125 0.6375 0.028125 0.0234375
2 0.86875 0.678125 0.03046875 0.02109375
2 0.846875 0.7046875 0.0171875 0.015625
2 0.834375 0.54140625 0.03203125 0.028125
2 0.7796875 0.63359375 0.025 0.03203125
2 0.746875 0.97421875 0.01953125 0.0171875
2 0.72421875 0.86875 0.10625 0.090625
2 0.7546875 0.7359375 0.028125 0.046875
2 0.72265625 0.60625 0.01953125 0.0203125
2 0.71796875 0.53359375 0.02109375 0.01640625
2 0.65390625 0.72734375 0.0203125 0.02109375
2 0.5546875 0.87890625 0.0265625 0.02421875
2 0.55546875 0.76328125 0.04140625 0.04140625
2 0.5578125 0.63046875 0.03203125 0.021875
2 0.6109375 0.54140625 0.03046875 0.03359375
2 0.49140625 0.97109375 0.0390625 0.04140625
2 0.46875 0.932421875 0.01875 0.03359375
2 0.4875 0.83359375 0.02890625 0.025
2 0.4671875 0.641015625 0.015625 0.02265625
2 0.473828125 0.791796875 0.02890625 0.06953125
2 0.467578125 0.600390625 0.01640625 0.02265625
2 0.465625 0.5046875 0.0125 0.0234375
2 0.469140625 0.7484375 0.01953125 0.034375
2 0.465234375 0.92734375 0.01171875 0.0234375
2 0.467578125 0.558984375 0.01640625 0.03046875
2 0.465625 0.602734375 0.0125 0.02578125
2 0.476171875 0.809765625 0.03359375 0.06640625
2 0.466015625 0.95 0.01328125 0.0328125
2 0.466796875 0.985546875 0.01484375 0.02890625