0 0.53671875 0.02421875 0.02890625 0.02578125
0 0.3984375 0.003515625 0.025 0.00703125
0 0.51953125 0.078125 0.03671875 0.03203125
0 0.409375 0.07578125 0.0296875 0.0265625
0 0.55 0.15078125 0.03984375 0.03515625
0 0.6203125 0.18125 0.021875 0.03046875
0 0.409375 0.23671875 0.03203125 0.02578125
0 0.25859375 0.0875 0.028125 0.02421875
0 0.24765625 0.13359375 0.02578125 0.034375
0 0.290625 0.2484375 0.02734375 0.02421875
0 0.203125 0.33359375 0.015625 0.0171875
0 0.2328125 0.3609375 0.021875 0.02109375
0 0.29765625 0.33984375 0.02734375 0.0296875
0 0.49921875 0.2921875 0.0671875 0.0765625
0 0.68125 0.32734375 0.021875 0.0234375
0 0.50625 0.36875 0.034375 0.0328125
0 0.41015625 0.4296875 0.01953125 0.025
0 0.28828125 0.4390625 0.04375 0.04921875
0 0.640625 0.4109375 0.04453125 0.0328125
0 0.94921875 0.00703125 0.01875 0.0140625
0 0.86640625 0.008203125 0.0265625 0.01640625
0 0.930078125 0.006640625 0.03046875 0.01328125
0 0.7359375 0.006640625 0.0234375 0.01328125
0 0.744921875 0.008984375 0.05078125 0.01796875
0 0.846875 0.0390625 0.025 0.021875
0 0.725390625 0.0078125 0.01171875 0.015625
0 0.72265625 0.00390625 0.00625 0.0078125
0 0.727734375 0.087890625 0.01640625 0.03515625
0 0.72578125 0.106640625 0.0125 0.02421875
0 0.98203125 0.15390625 0.0359375 0.0390625
0 0.91015625 0.18203125 0.028125 0.03359375
0 0.85625 0.15546875 0.021875 0.0265625
0 0.73125 0.211328125 0.0234375 0.03359375
0 0.728125 0.2859375 0.0171875 0.028125
0 0.85859375 0.296875 0.0375 0.028125
0 0.9765625 0.3671875 0.034375 0.02734375
0 0.9296875 0.303125 0.01484375 0.015625
0 0.85703125 0.43515625 0.0234375 0.0296875
0 0.784375 0.42265625 0.040625 0.04765625
0 0.74765625 0.34140625 0.021875 0.0265625
0 0.7265625 0.380859375 0.0140625 0.02421875
0 0.726171875 0.4171875 0.01328125 0.01875
0 0.72578125 0.44921875 0.0125 0.028125
0 0.724609375 0.49375 0.01015625 0.0125
0 0.7671875 0.490234375 0.034375 0.01953125
2 0.197265625 0.507421875 0.02578125 0.01484375
2 0.38046875 0.505078125 0.01875 0.01015625
2 0.266015625 0.52109375 0.07265625 0.0421875
2 0.190625 0.5046875 0.01875 0.009375
2 0.10234375 0.5046875 0.0203125 0.009375
2 0.1140625 0.505859375 0.0265625 0.01171875
2 0.005078125 0.505078125 0.01015625 0.01015625
2 0.004296875 0.50390625 0.00859375 0.0078125
2 0.005078125 0.50625 0.01015625 0.0125
2 0.0203125 0.50546875 0.01875 0.0109375
2 0.135546875 0.507421875 0.02578125 0.01484375
2 0.38515625 0.5046875 0.01875 0.009375
2 0.565234375 0.50546875 0.01796875 0.0109375
2 0.409765625 0.505078125 0.01796875 0.01015625
2 0.32578125 0.505078125 0.01875 0.01015625
2 0.223046875 0.5046875 0.01796875 0.009375
2 0.2625 0.50546875 0.025 0.0109375
2 0.319921875 0.506640625 0.03203125 0.01328125
2 0.148046875 0.505078125 0.01953125 0.01015625
2 0.20078125 0.50625 0.0234375 0.0125
2 0.44140625 0.5046875 0.015625 0.009375
2 0.395703125 0.505859375 0.02109375 0.01171875
2 0.18515625 0.504296875 0.0140625 0.00859375
2 0.096875 0.504296875 0.0234375 0.00859375
2 0.062890625 0.50625 0.02578125 0.0125
2 0.04765625 0.508203125 0.015625 0.01640625
2 0.25234375 0.505078125 0.015625 0.01015625
2 0.53671875 0.55390625 0.02578125 0.0265625
2 0.35546875 0.559375 0.02421875 0.025
2 0.01328125 0.5265625 0.0140625 0.01953125
2 0.00390625 0.530078125 0.0078125 0.01796875
2 0.003125 0.503515625 0.00625 0.00703125
2 0.002734375 0.5046875 0.00546875 0.009375
2 0.008984375 0.58671875 0.01796875 0.04375
2 0.09609375 0.57734375 0.01796875 0.0203125
2 0.21328125 0.58515625 0.01875 0.0234375
2 0.4640625 0.615625 0.03125 0.03515625
2 0.465625 0.69296875 0.025 0.0265625
2 0.33359375 0.71875 0.01796875 0.02265625
2 0.4234375 0.75859375 0.0171875 0.0234375
2 0.30859375 0.79375 0.021875 0.02109375
2 0.2640625 0.71484375 0.06640625 0.05625
2 0.17421875 0.63046875 0.02109375 0.021875
2 0.1328125 0.678125 0.01640625 0.021875
2 0.07578125 0.6671875 0.0234375 0.028125
2 0.004296875 0.6703125 0.00859375 0.01875
2 0.004296875 0.75390625 0.00859375 0.0171875
2 0.012890625 0.821875 0.02578125 0.021875
2 0.04140625 0.87421875 0.01796875 0.02421875
2 0.002734375 0.872265625 0.00546875 0.02734375
2 0.071875 0.89296875 0.01796875 0.0203125
2 0.15 0.80234375 0.02265625 0.021875
2 0.51953125 0.82421875 0.01484375 0.01875
2 0.4296875 0.8984375 0.0328125 0.04140625
2 0.08359375 0.9328125 0.01953125 0.01875
2 0.196875 0.95546875 0.034375 0.03203125
2 0.38203125 0.97578125 0.0375 0.034375
2 0.28046875 0.9796875 0.01953125 0.034375
3 0.985546875 0.584375 0.02890625 0.0484375
3 0.77578125 0.51015625 0.0375 0.0203125
3 0.72734375 0.508203125 0.015625 0.01640625
3 0.86171875 0.640625 0.0375 0.0390625
3 0.9703125 0.678125 0.04375 0.0484375
3 0.74453125 0.678125 0.03359375 0.03671875
3 0.728125 0.517578125 0.0171875 0.03515625
3 0.725 0.63359375 0.0109375 0.0234375
3 0.7484375 0.74453125 0.0375 0.03984375
3 0.726953125 0.74609375 0.01484375 0.0265625
3 0.726953125 0.73828125 0.01484375 0.0328125
3 0.7296875 0.813671875 0.0203125 0.03515625
3 0.7265625 0.86953125 0.0140625 0.034375
3 0.728125 0.82734375 0.0171875 0.0359375
3 0.734375 0.87734375 0.01875 0.01953125
3 0.8796875 0.71953125 0.03984375 0.040625
3 0.99296875 0.7703125 0.0140625 0.0296875
3 0.87421875 0.93359375 0.03828125 0.03828125
3 0.79140625 0.9640625 0.0390625 0.03828125