0 0.18671875 0.18203125 0.0265625 0.02578125
0 0.24375 0.17265625 0.04921875 0.0390625
0 0.17890625 0.28046875 0.02265625 0.03515625
0 0.36875 0.18828125 0.03984375 0.04140625
0 0.52890625 0.08359375 0.03203125 0.02890625
0 0.6125 0.1578125 0.02734375 0.03359375
0 0.49609375 0.29921875 0.04296875 0.046875
0 0.73515625 0.275 0.021875 0.02421875
0 0.60546875 0.35234375 0.090625 0.07578125
0 0.70390625 0.503125 0.03828125 0.0390625
0 0.56796875 0.5078125 0.021875 0.02578125
0 0.57890625 0.5921875 0.03203125 0.03515625
0 0.67421875 0.60546875 0.0265625 0.03359375
0 0.25625 0.3359375 0.028125 0.0234375
0 0.3390625 0.3890625 0.01875 0.03203125
0 0.30703125 0.47421875 0.01640625 0.021875
0 0.40625 0.50546875 0.05 0.053125
0 0.2453125 0.6078125 0.0265625 0.0265625
0 0.3359375 0.61640625 0.02578125 0.040625
0 0.43125 0.68671875 0.0234375 0.02421875
0 0.4796875 0.7171875 0.02890625 0.034375
0 0.28828125 0.73671875 0.0390625 0.02734375
0 0.17734375 0.79921875 0.021875 0.03125
0 0.259375 0.83046875 0.0515625 0.05390625
0 0.39453125 0.85390625 0.02578125 0.02265625
0 0.21953125 0.93671875 0.04609375 0.03671875
0 0.5328125 0.8640625 0.02890625 0.02265625
0 0.7046875 0.8484375 0.02890625 0.0484375
0 0.6109375 0.7546875 0.021875 0.0265625
0 0.5984375 0.70546875 0.0140625 0.025