0 0.178125 0.56484375 0.0265625 0.009375
0 0.1703125 0.475 0.02265625 0.03515625
0 0.359765625 0.5578125 0.03984375 0.0234375
0 0.4875 0.45625 0.04296875 0.046875
0 0.7265625 0.48046875 0.021875 0.02421875
0 0.596875 0.403125 0.090625 0.07578125
0 0.6953125 0.25234375 0.03828125 0.0390625
0 0.559375 0.24765625 0.021875 0.02578125
0 0.5703125 0.16328125 0.03203125 0.03515625
0 0.665625 0.15 0.0265625 0.03359375
0 0.24765625 0.41953125 0.028125 0.0234375
0 0.33046875 0.36640625 0.01875 0.03203125
0 0.2984375 0.28125 0.01640625 0.021875
0 0.39765625 0.25 0.05 0.053125
0 0.23671875 0.14765625 0.0265625 0.0265625
0 0.32734375 0.1390625 0.02578125 0.040625
0 0.42265625 0.06875 0.0234375 0.02421875
0 0.47109375 0.03828125 0.02890625 0.034375
0 0.2796875 0.01875 0.0390625 0.02734375
0 0.16875 0.0078125 0.021875 0.015625
0 0.25078125 0.01328125 0.0515625 0.0265625
0 0.385546875 0.00546875 0.02578125 0.0109375
0 0.210546875 0.008984375 0.04609375 0.01796875
0 0.523828125 0.00546875 0.02890625 0.0109375
0 0.695703125 0.012109375 0.02890625 0.02421875
0 0.60234375 0.00703125 0.021875 0.0140625
0 0.58984375 0.05 0.0140625 0.025
3 0.9953125 0.54140625 0.009375 0.034375
3 0.9296875 0.49296875 0.03671875 0.0421875
3 0.8796875 0.35 0.021875 0.0265625
3 0.934375 0.39609375 0.02265625 0.02734375
3 0.990625 0.115234375 0.01875 0.03984375
3 0.9859375 0.259765625 0.028125 0.04140625
0 0.430078125 0.994921875 0.02578125 0.01015625
0 0.330859375 0.9875 0.03515625 0.025
0 0.2765625 0.890625 0.0421875 0.0484375
0 0.48359375 0.9375 0.02734375 0.04140625
0 0.59921875 0.971875 0.02109375 0.0203125
0 0.65859375 0.8921875 0.025 0.02890625
0 0.70234375 0.865625 0.0265625 0.02578125
0 0.21328125 0.72265625 0.03203125 0.0296875
0 0.30234375 0.77265625 0.04140625 0.02578125
0 0.3703125 0.75859375 0.0203125 0.0265625
0 0.47734375 0.771875 0.02421875 0.02109375
0 0.38359375 0.6984375 0.0171875 0.02109375
0 0.4875 0.6625 0.02109375 0.0234375
0 0.58125 0.73515625 0.0328125 0.034375
0 0.67265625 0.75625 0.0375 0.04609375
0 0.726171875 0.74609375 0.02734375 0.0296875
0 0.63515625 0.665625 0.028125 0.0328125
0 0.65078125 0.57734375 0.021875 0.015625
0 0.5734375 0.59375 0.03046875 0.0296875
0 0.64296875 0.575 0.0265625 0.0109375
0 0.53984375 0.576953125 0.028125 0.01484375
0 0.415625 0.5796875 0.0265625 0.0203125
0 0.364453125 0.576953125 0.02109375 0.01484375
0 0.247265625 0.575390625 0.02109375 0.01171875
0 0.21328125 0.57578125 0.0265625 0.0125
0 0.212890625 0.576171875 0.02890625 0.01328125
0 0.34609375 0.576953125 0.028125 0.01484375
0 0.36953125 0.5765625 0.0546875 0.0140625
0 0.37734375 0.575 0.0234375 0.0109375
0 0.487890625 0.57578125 0.02890625 0.0125
0 0.5515625 0.578515625 0.034375 0.01796875
0 0.607421875 0.57734375 0.02578125 0.015625
0 0.608984375 0.578515625 0.02109375 0.01796875
0 0.715234375 0.57578125 0.02578125 0.0125
1 0.761328125 0.937890625 0.04296875 0.08828125
1 0.751171875 0.973828125 0.02265625 0.01953125
1 0.753125 0.980859375 0.0265625 0.03828125
1 0.743359375 0.930859375 0.00703125 0.03046875
1 0.754296875 0.93125 0.02890625 0.046875
1 0.761328125 0.784375 0.04296875 0.153125
1 0.74453125 0.852734375 0.009375 0.02421875
1 0.74765625 0.816796875 0.015625 0.03359375
1 0.74609375 0.752734375 0.0125 0.02578125
1 0.7453125 0.758984375 0.0109375 0.02109375
1 0.745703125 0.723828125 0.01171875 0.02265625
1 0.74453125 0.790234375 0.009375 0.02265625
1 0.74453125 0.721875 0.009375 0.0171875
1 0.74375 0.631640625 0.0078125 0.01796875
1 0.7765625 0.6375 0.0734375 0.0671875
1 0.743359375 0.57734375 0.00703125 0.015625
1 0.74296875 0.574609375 0.00625 0.01015625
1 0.770703125 0.597265625 0.06171875 0.05546875
1 0.7453125 0.57421875 0.0109375 0.009375
1 0.74765625 0.5734375 0.015625 0.0078125
1 0.744921875 0.575390625 0.01015625 0.01171875
1 0.7625 0.581640625 0.0453125 0.02421875
1 0.745703125 0.574609375 0.01171875 0.01015625
1 0.744921875 0.576171875 0.01015625 0.01328125
1 0.77734375 0.591796875 0.075 0.04453125
1 0.745703125 0.57578125 0.01171875 0.0125
1 0.7453125 0.575 0.0109375 0.0109375
1 0.745703125 0.57734375 0.01171875 0.015625
1 0.743359375 0.57421875 0.00703125 0.009375
1 0.747265625 0.57734375 0.01484375 0.015625
1 0.745703125 0.576171875 0.01171875 0.01328125
1 0.746484375 0.578125 0.01328125 0.0171875
1 0.74765625 0.57578125 0.015625 0.0125
1 0.744140625 0.574609375 0.00859375 0.01015625
1 0.74765625 0.577734375 0.015625 0.01640625
1 0.742578125 0.640234375 0.00546875 0.02109375