0 0.08515625 0.68359375 0.0390625 0.0125
0 0.10078125 0.57734375 0.04140625 0.03984375
0 0.00703125 0.416796875 0.0140625 0.03203125
0 0.0703125 0.33359375 0.03359375 0.02734375
0 0.21171875 0.45 0.046875 0.04296875
0 0.1875 0.2109375 0.02421875 0.021875
0 0.26484375 0.340625 0.07578125 0.090625
0 0.415625 0.2421875 0.0390625 0.03828125
0 0.4203125 0.378125 0.02578125 0.021875
0 0.5046875 0.3671875 0.03515625 0.03203125
0 0.51796875 0.271875 0.03359375 0.0265625
0 0.2484375 0.6828125 0.0234375 0.0140625
0 0.3015625 0.60703125 0.03203125 0.01875
0 0.38671875 0.6390625 0.021875 0.01640625
0 0.41796875 0.53984375 0.053125 0.05
0 0.52890625 0.61015625 0.040625 0.02578125
0 0.59921875 0.51484375 0.02421875 0.0234375
0 0.6296875 0.46640625 0.034375 0.02890625
0 0.64921875 0.6578125 0.02734375 0.0390625
0 0.666796875 0.33515625 0.02578125 0.021875
0 0.61796875 0.34765625 0.025 0.0140625
0 0.683984375 0.43515625 0.00859375 0.01875
0 0.6875 0.49296875 0.015625 0.0421875
0 0.687109375 0.306640625 0.01484375 0.02265625
0 0.68671875 0.280078125 0.0140625 0.01640625
0 0.686328125 0.094921875 0.01328125 0.01953125
0 0.689453125 0.136328125 0.01953125 0.03359375
0 0.6890625 0.007421875 0.01875 0.01484375
0 0.69140625 0.05546875 0.0234375 0.040625
0 0.687109375 0.006640625 0.01484375 0.01328125
0 0.687890625 0.01328125 0.01640625 0.0265625
0 0.685546875 0.09375 0.01171875 0.0359375
0 0.684765625 0.276953125 0.01015625 0.01953125
0 0.687109375 0.230078125 0.01484375 0.02421875
0 0.71328125 0.2109375 0.02421875 0.02421875
0 0.76328125 0.246875 0.021875 0.02109375
0 0.79765625 0.0578125 0.0296875 0.028125
0 0.69375 0.591796875 0.028125 0.03984375
0 0.68515625 0.482421875 0.0109375 0.02421875
0 0.687109375 0.397265625 0.01484375 0.02109375
0 0.6859375 0.34296875 0.0125 0.0234375
0 0.7390625 0.3921875 0.03203125 0.02421875
0 0.73125 0.5640625 0.02734375 0.02734375
0 0.79296875 0.4671875 0.03046875 0.0265625
0 0.85703125 0.3515625 0.028125 0.0359375
0 0.8859375 0.23359375 0.04609375 0.04296875
0 0.9125 0.121875 0.02890625 0.02421875
0 0.96875 0.05546875 0.0234375 0.021875
0 0.971875 0.240625 0.02421875 0.01953125
0 0.953125 0.5328125 0.0375 0.03515625
3 0.01015625 0.94375 0.0203125 0.0375
3 0.008203125 0.853515625 0.01640625 0.03203125
3 0.071875 0.9125 0.03671875 0.03359375
3 0.008984375 0.76875 0.01796875 0.034375
3 0.02734375 0.70703125 0.0234375 0.021875
3 0.13828125 0.91640625 0.03984375 0.0375
3 0.13984375 0.809375 0.0265625 0.0296875
3 0.13203125 0.7265625 0.0328125 0.0296875
3 0.2078125 0.78359375 0.03515625 0.040625
3 0.26328125 0.70703125 0.034375 0.02890625
3 0.22109375 0.6984375 0.0359375 0.0171875
3 0.27109375 0.90234375 0.01953125 0.01875
3 0.3578125 0.959375 0.03828125 0.0390625
3 0.53203125 0.91171875 0.03359375 0.0328125
3 0.6203125 0.840625 0.03125 0.025
3 0.4 0.77890625 0.0421875 0.0421875
3 0.442578125 0.698046875 0.03203125 0.01640625
3 0.526171875 0.69453125 0.02421875 0.009375
0 0.6859375 0.943359375 0.0125 0.02578125
0 0.70078125 0.8421875 0.0421875 0.06875
0 0.69140625 0.7703125 0.0234375 0.046875
0 0.685546875 0.908203125 0.01171875 0.03203125
0 0.68984375 0.696875 0.0203125 0.0140625
0 0.687109375 0.70546875 0.01484375 0.0265625
0 0.687109375 0.748046875 0.01484375 0.02890625
0 0.68671875 0.69765625 0.0140625 0.015625
0 0.6890625 0.696875 0.01875 0.0140625
0 0.68828125 0.69609375 0.0171875 0.0125
0 0.690234375 0.7 0.02109375 0.0203125
0 0.685546875 0.6953125 0.01171875 0.0109375
0 0.688671875 0.69921875 0.01796875 0.01875
0 0.691015625 0.705859375 0.02265625 0.03203125
0 0.689453125 0.696484375 0.01953125 0.01328125
0 0.68515625 0.6953125 0.0109375 0.0109375
0 0.692578125 0.69765625 0.02578125 0.015625
0 0.7375 0.696875 0.03125 0.0140625
0 0.76875 0.694921875 0.025 0.01015625
0 0.740234375 0.701171875 0.03515625 0.02265625
0 0.6875 0.729296875 0.015625 0.03515625
0 0.694921875 0.8171875 0.03046875 0.05625
0 0.688671875 0.89296875 0.01796875 0.040625
0 0.7046875 0.86171875 0.04453125 0.03359375
0 0.73671875 0.96875 0.04609375 0.0453125
0 0.834375 0.875 0.03671875 0.034375
0 0.80859375 0.778125 0.0203125 0.021875
0 0.89453125 0.9140625 0.021875 0.02265625
0 0.9375 0.95625 0.0203125 0.0265625
0 0.9421875 0.90703125 0.028125 0.028125
0 0.9625 0.809375 0.05859375 0.0734375
0 0.844140625 0.697265625 0.03515625 0.01484375
0 0.852734375 0.697265625 0.03046875 0.01484375
0 0.83984375 0.699609375 0.03125 0.01953125
0 0.946484375 0.696484375 0.03515625 0.01328125
0 0.9625 0.695703125 0.0359375 0.01171875