0 0.28515625 0.3703125 0.03828125 0.03671875
0 0.2890625 0.2375 0.03828125 0.02578125
0 0.23984375 0.28828125 0.04921875 0.040625
0 0.21796875 0.184375 0.01796875 0.02265625
0 0.18828125 0.2359375 0.03125 0.021875
0 0.303125 0.10859375 0.0234375 0.0265625
0 0.29375 0.00546875 0.021875 0.0109375
0 0.201953125 0.00625 0.02734375 0.0125
0 0.18828125 0.08359375 0.0296875 0.02734375
0 0.193359375 0.0046875 0.02265625 0.009375
0 0.108984375 0.005859375 0.02421875 0.01171875
0 0.06796875 0.00703125 0.03125 0.0140625
0 0.05546875 0.03203125 0.0296875 0.01953125
0 0.11640625 0.07578125 0.03046875 0.02265625
0 0.03125 0.15703125 0.0234375 0.03359375
0 0.12265625 0.246875 0.0328125 0.02578125
0 0.12421875 0.32734375 0.0265625 0.034375
0 0.11796875 0.46328125 0.03203125 0.025
0 0.08046875 0.44453125 0.02265625 0.02578125
0 0.03125 0.48046875 0.02265625 0.01953125
0 0.006640625 0.291015625 0.01328125 0.02734375
0 0.00625 0.188671875 0.0125 0.02109375
0 0.005859375 0.00546875 0.01171875 0.0109375
0 0.00859375 0.008984375 0.0171875 0.01796875
0 0.012109375 0.01640625 0.02421875 0.0328125
0 0.00546875 0.133984375 0.0109375 0.01796875
0 0.008203125 0.196875 0.01640625 0.0375
0 0.00859375 0.115625 0.0171875 0.028125
0 0.005859375 0.0078125 0.01171875 0.015625
0 0.0140625 0.01953125 0.028125 0.0390625
0 0.00859375 0.092578125 0.0171875 0.03046875
0 0.009375 0.180078125 0.01875 0.03046875
0 0.00625 0.008203125 0.0125 0.01640625
0 0.00546875 0.2890625 0.0109375 0.021875
0 0.00703125 0.354296875 0.0140625 0.02578125
0 0.011328125 0.4671875 0.02265625 0.04375
0 0.00546875 0.475 0.0109375 0.01875
0 0.005859375 0.396875 0.01171875 0.025
0 0.005859375 0.497265625 0.01171875 0.00546875
0 0.006640625 0.45625 0.01328125 0.0296875
0 0.005859375 0.3734375 0.01171875 0.0234375
0 0.005859375 0.305859375 0.01171875 0.01953125
0 0.008203125 0.253515625 0.01640625 0.03046875
0 0.008984375 0.492578125 0.01796875 0.01484375
0 0.0046875 0.41796875 0.009375 0.0265625
0 0.006640625 0.455078125 0.01328125 0.02265625
0 0.006640625 0.3546875 0.01328125 0.025
0 0.006640625 0.196484375 0.01328125 0.02421875
0 0.006640625 0.17578125 0.01328125 0.03125
0 0.00859375 0.1 0.0171875 0.021875
0 0.007421875 0.01640625 0.01484375 0.0234375
0 0.005078125 0.034375 0.01015625 0.03125
3 0.91328125 0.491796875 0.0421875 0.01640625
3 0.915625 0.403125 0.040625 0.03828125
3 0.987109375 0.282421875 0.02578125 0.02890625
3 0.97109375 0.14453125 0.0484375 0.0484375
3 0.91328125 0.015234375 0.040625 0.03046875
3 0.87734375 0.11953125 0.04609375 0.04609375
3 0.83515625 0.0296875 0.04140625 0.0421875
3 0.78359375 0.15 0.0296875 0.0265625
3 0.77734375 0.225 0.04375 0.0453125
3 0.7015625 0.234375 0.0453125 0.04140625
3 0.7703125 0.46015625 0.040625 0.0390625
3 0.7625 0.328125 0.04375 0.046875
3 0.66171875 0.34765625 0.04140625 0.04296875
3 0.5765625 0.23046875 0.0453125 0.040625
3 0.50390625 0.3203125 0.0421875 0.03671875
3 0.42734375 0.4 0.04765625 0.04296875
3 0.45546875 0.491796875 0.040625 0.01640625
3 0.351171875 0.490234375 0.02265625 0.01953125
3 0.3703125 0.42578125 0.034375 0.03359375
3 0.35234375 0.357421875 0.025 0.03671875
3 0.348828125 0.41875 0.01796875 0.0359375
3 0.348828125 0.363671875 0.01796875 0.03515625
3 0.3515625 0.26484375 0.0234375 0.0453125
3 0.349609375 0.204296875 0.01953125 0.03515625
3 0.4234375 0.22734375 0.0375 0.03671875
3 0.4359375 0.096875 0.0328125 0.0296875
3 0.35859375 0.016015625 0.0375 0.03203125
3 0.34921875 0.089453125 0.01875 0.04140625
3 0.35078125 0.18828125 0.021875 0.046875
3 0.344921875 0.12578125 0.01015625 0.021875
3 0.349609375 0.07421875 0.01953125 0.0359375
3 0.621875 0.0265625 0.04140625 0.03828125
3 0.590625 0.003125 0.0328125 0.00625
1 0.334375 0.891796875 0.0109375 0.02421875
1 0.28984375 0.7890625 0.0328125 0.0296875
1 0.2015625 0.6703125 0.0171875 0.0171875
1 0.2015625 0.991796875 0.0703125 0.01640625
1 0.0921875 0.98359375 0.02890625 0.02734375
1 0.134375 0.84609375 0.02734375 0.021875
1 0.103125 0.740625 0.04296875 0.01640625
1 0.1515625 0.66640625 0.02265625 0.0203125
1 0.01015625 0.715625 0.0203125 0.059375
1 0.00703125 0.94296875 0.0140625 0.0234375
1 0.07421875 0.63515625 0.0203125 0.01640625
1 0.0671875 0.575 0.025 0.01484375
1 0.005859375 0.598828125 0.01171875 0.01953125
1 0.0046875 0.8703125 0.009375 0.01875
1 0.00625 0.902734375 0.0125 0.02265625
1 0.005078125 0.777734375 0.01015625 0.01796875
1 0.005859375 0.689453125 0.01171875 0.02109375
1 0.006640625 0.769921875 0.01328125 0.02265625
1 0.00390625 0.845703125 0.0078125 0.01640625
1 0.008203125 0.9609375 0.01640625 0.0296875
1 0.995703125 0.778515625 0.00859375 0.01953125
1 0.959765625 0.611328125 0.08046875 0.13046875
1 0.91640625 0.67421875 0.021875 0.0171875
1 0.995703125 0.516796875 0.00859375 0.03359375
1 0.81796875 0.5046875 0.021875 0.009375
1 0.8296875 0.65625 0.028125 0.0265625
1 0.83203125 0.825 0.0234375 0.0234375
1 0.7890625 0.78828125 0.01953125 0.01796875
1 0.77890625 0.73125 0.01953125 0.0203125
1 0.72578125 0.6609375 0.01875 0.0234375
1 0.66796875 0.6265625 0.01953125 0.01875
1 0.75 0.52109375 0.01875 0.01953125
1 0.6578125 0.5703125 0.015625 0.01640625
1 0.751171875 0.504296875 0.02578125 0.00859375
1 0.665625 0.530078125 0.06875 0.06015625
1 0.573828125 0.503125 0.01796875 0.00625
1 0.512109375 0.5078125 0.01484375 0.015625
1 0.455078125 0.505859375 0.02421875 0.01171875
1 0.554296875 0.503125 0.03046875 0.00625
1 0.48203125 0.58125 0.0890625 0.1625
1 0.5453125 0.6359375 0.01875 0.01796875
1 0.5265625 0.7140625 0.028125 0.0296875
1 0.48046875 0.75625 0.021875 0.03515625
1 0.44453125 0.71953125 0.01796875 0.0265625
1 0.4796875 0.85078125 0.02734375 0.02421875
1 0.5453125 0.80234375 0.05703125 0.0421875
1 0.60234375 0.86953125 0.0484375 0.05
1 0.6171875 0.93203125 0.03125 0.01484375
1 0.68046875 0.8453125 0.0171875 0.0140625
1 0.66953125 0.74765625 0.02578125 0.0125
1 0.62109375 0.7390625 0.0140625 0.01328125
1 0.790625 0.90078125 0.028125 0.02890625
1 0.41796875 0.975 0.02265625 0.01875
1 0.38359375 0.88671875 0.02734375 0.02578125
1 0.348046875 0.9625 0.01640625 0.01875
1 0.3796875 0.78984375 0.0234375 0.0203125
1 0.34765625 0.866015625 0.015625 0.03359375
1 0.344921875 0.762109375 0.01015625 0.01796875
1 0.358984375 0.68828125 0.03828125 0.06875
1 0.359375 0.64296875 0.0390625 0.0390625
1 0.34609375 0.58515625 0.0125 0.0234375
1 0.3453125 0.575 0.0109375 0.0234375
1 0.348046875 0.553515625 0.01640625 0.02421875
1 0.371875 0.5078125 0.0328125 0.015625
1 0.344140625 0.50390625 0.00859375 0.0078125
1 0.347265625 0.504296875 0.01484375 0.00859375