0 0.5453125 0.41953125 0.028125 0.01640625
0 0.4546875 0.42265625 0.02109375 0.01953125
0 0.4765625 0.1078125 0.05703125 0.03984375
0 0.4546875 0.2171875 0.02265625 0.02421875
0 0.41796875 0.30234375 0.0296875 0.02109375
0 0.44453125 0.35703125 0.025 0.0234375
0 0.34453125 0.3078125 0.03203125 0.02421875
0 0.35234375 0.1359375 0.02734375 0.02734375
0 0.290625 0.2328125 0.03046875 0.0265625
0 0.2265625 0.3484375 0.028125 0.0359375
0 0.13046875 0.1671875 0.0375 0.03515625
0 0.06015625 0.134375 0.04140625 0.03203125
0 0.006640625 0.103125 0.01328125 0.021875
0 0.00703125 0.160546875 0.0140625 0.02578125
0 0.00703125 0.223046875 0.0140625 0.03203125
0 0.04296875 0.321875 0.02109375 0.0125
0 0.006640625 0.328125 0.01328125 0.0203125
0 0.00546875 0.43125 0.0109375 0.0171875
0 0.00703125 0.36484375 0.0140625 0.028125
0 0.005859375 0.382421875 0.01171875 0.01796875
0 0.00859375 0.430078125 0.0171875 0.01953125
2 0.97265625 0.296875 0.05078125 0.05859375
2 0.890625 0.04140625 0.01640625 0.015625
2 0.8828125 0.3265625 0.03515625 0.028125
2 0.81171875 0.19921875 0.03125 0.03203125
2 0.74453125 0.09453125 0.01640625 0.0140625
2 0.71015625 0.0984375 0.01953125 0.0171875
2 0.6921875 0.05 0.02578125 0.02421875
2 0.79296875 0.31953125 0.03203125 0.034375
2 0.7390625 0.29609375 0.01640625 0.0171875
2 0.75546875 0.36640625 0.0171875 0.0171875
2 0.6875 0.35703125 0.0265625 0.02421875
2 0.63671875 0.4296875 0.02578125 0.01953125
2 0.6203125 0.25625 0.0515625 0.0578125
2 0.571484375 0.032421875 0.02421875 0.03515625
2 0.565234375 0.0671875 0.01171875 0.03125
2 0.579296875 0.17890625 0.03984375 0.0703125
2 0.566015625 0.239453125 0.01328125 0.02109375
2 0.565234375 0.432421875 0.01171875 0.01484375
2 0.567578125 0.3171875 0.01640625 0.0359375
2 0.565625 0.355078125 0.0125 0.02109375
2 0.5640625 0.396875 0.009375 0.01875
2 0.565625 0.38359375 0.0125 0.025
2 0.56484375 0.2671875 0.0109375 0.01875
2 0.563671875 0.283203125 0.00859375 0.01953125
2 0.564453125 0.2234375 0.01015625 0.0171875
2 0.564453125 0.10390625 0.01015625 0.0171875
2 0.566796875 0.060546875 0.01484375 0.02734375
2 0.563671875 0.166796875 0.00859375 0.01796875
3 0.55078125 0.61796875 0.0171875 0.0359375
3 0.52890625 0.7328125 0.0359375 0.0328125
3 0.5203125 0.78125 0.03671875 0.034375
3 0.4265625 0.69765625 0.015625 0.01875
3 0.3984375 0.853125 0.03984375 0.03515625
3 0.546875 0.4703125 0.025 0.0421875
3 0.50859375 0.45078125 0.0359375 0.021875
3 0.4015625 0.450390625 0.0421875 0.02109375
3 0.269140625 0.448046875 0.03359375 0.01640625
3 0.2875 0.475 0.040625 0.0421875
3 0.3359375 0.53828125 0.03984375 0.040625
3 0.20078125 0.448046875 0.0453125 0.01640625
3 0.30625 0.684375 0.04765625 0.04140625
3 0.23359375 0.8 0.040625 0.0328125
3 0.15078125 0.91015625 0.02109375 0.02265625
3 0.09921875 0.79921875 0.04453125 0.04375
3 0.178125 0.67734375 0.0328125 0.03125
3 0.1109375 0.621875 0.03515625 0.03203125
3 0.04453125 0.78984375 0.0421875 0.0359375
3 0.01015625 0.68046875 0.0203125 0.0390625
3 0.0734375 0.5609375 0.02578125 0.0234375
3 0.15078125 0.448828125 0.034375 0.01796875
3 0.05234375 0.449609375 0.046875 0.01953125
3 0.008203125 0.44765625 0.01640625 0.015625
2 0.987109375 0.448828125 0.02578125 0.01796875
2 0.993359375 0.445703125 0.01328125 0.01171875
2 0.95625 0.44453125 0.0203125 0.009375
2 0.89140625 0.51171875 0.02734375 0.02734375
2 0.9375 0.646875 0.04140625 0.04765625
2 0.9125 0.79296875 0.0359375 0.0328125
2 0.8640625 0.60078125 0.05703125 0.05859375
2 0.8703125 0.444140625 0.01875 0.00859375
2 0.8640625 0.443359375 0.015625 0.00703125
2 0.825390625 0.444921875 0.02109375 0.01015625
2 0.7515625 0.44453125 0.021875 0.009375
2 0.8171875 0.4453125 0.0234375 0.0109375
2 0.81953125 0.444921875 0.0203125 0.01015625
2 0.71875 0.448828125 0.0390625 0.01796875
2 0.72734375 0.65703125 0.03671875 0.0359375
2 0.6546875 0.734375 0.0515625 0.05546875
2 0.616015625 0.44765625 0.03515625 0.015625
2 0.610546875 0.448828125 0.04140625 0.01796875
2 0.57109375 0.4515625 0.0234375 0.0234375
2 0.56640625 0.447265625 0.0140625 0.01484375
2 0.59140625 0.53984375 0.02421875 0.01953125
2 0.568359375 0.587890625 0.01796875 0.03828125
2 0.564453125 0.444140625 0.01015625 0.00859375