0 0.34453125 0.103125 0.01875 0.02578125
0 0.303125 0.16875 0.03671875 0.03828125
0 0.4359375 0.16484375 0.02578125 0.03828125
0 0.38515625 0.2140625 0.040625 0.04921875
0 0.4890625 0.2359375 0.02265625 0.01796875
0 0.4375 0.265625 0.021875 0.03125
0 0.56484375 0.15078125 0.0265625 0.0234375
0 0.7125 0.103125 0.0359375 0.03984375
0 0.69296875 0.16015625 0.021875 0.021875
0 0.67578125 0.2515625 0.02578125 0.02734375
0 0.58984375 0.265625 0.02734375 0.0296875
0 0.759375 0.26015625 0.01953125 0.02265625
0 0.75859375 0.34453125 0.0234375 0.02421875
0 0.69375 0.3859375 0.02890625 0.03125
0 0.64140625 0.3984375 0.01953125 0.0296875
0 0.59765625 0.3375 0.02265625 0.03046875
0 0.51640625 0.42265625 0.03359375 0.0234375
0 0.4265625 0.33125 0.02578125 0.0328125
0 0.34609375 0.3296875 0.034375 0.0265625
0 0.21015625 0.3359375 0.025 0.03203125
0 0.22890625 0.3734375 0.02578125 0.02265625
0 0.19296875 0.42265625 0.01953125 0.02265625
0 0.38203125 0.4578125 0.02734375 0.02734375
0 0.484375 0.48828125 0.02109375 0.025
0 0.7296875 0.49921875 0.02265625 0.02421875
0 0.76171875 0.55703125 0.0359375 0.034375
0 0.65703125 0.546875 0.03359375 0.0484375
0 0.5390625 0.54375 0.01796875 0.021875
0 0.4765625 0.54375 0.0375 0.0328125
0 0.5578125 0.61640625 0.028125 0.03515625
0 0.7765625 0.6734375 0.03125 0.0234375
0 0.67265625 0.6890625 0.0765625 0.05625
0 0.58046875 0.70078125 0.03046875 0.034375
0 0.49296875 0.734375 0.03046875 0.0375
0 0.67109375 0.815625 0.02890625 0.025
0 0.384375 0.6296875 0.021875 0.021875
0 0.31875 0.57265625 0.02578125 0.028125
0 0.20625 0.5453125 0.04375 0.04609375
0 0.1984375 0.63125 0.01875 0.021875
0 0.2765625 0.7234375 0.025 0.0234375
0 0.17265625 0.7484375 0.01171875 0.0234375
0 0.2171875 0.77578125 0.0296875 0.02734375
0 0.3 0.746875 0.0234375 0.02421875
0 0.3671875 0.83046875 0.01953125 0.0234375
0 0.41953125 0.81171875 0.03046875 0.03359375
0 0.17734375 0.85078125 0.021875 0.0359375
0 0.25546875 0.85546875 0.0265625 0.01953125
0 0.21796875 0.8984375 0.02265625 0.0265625
0 0.31875 0.90546875 0.025 0.0265625
0 0.4765625 0.85703125 0.02421875 0.0265625
0 0.49765625 0.8984375 0.03125 0.02734375
0 0.5734375 0.85546875 0.021875 0.03515625
0 0.65703125 0.86796875 0.0234375 0.0296875
0 0.6390625 0.9109375 0.03125 0.02109375