0 0.36328125 0.00625 0.01875 0.0125
0 0.404296875 0.009375 0.03671875 0.01875
0 0.271484375 0.009375 0.02578125 0.01875
0 0.32265625 0.012109375 0.040625 0.02421875
0 0.218359375 0.004296875 0.02265625 0.00859375
0 0.2703125 0.0078125 0.021875 0.015625
0 0.14296875 0.005859375 0.0265625 0.01171875
0 0.008984375 0.009765625 0.01796875 0.01953125
0 0.01484375 0.00546875 0.021875 0.0109375
0 0.031640625 0.006640625 0.02578125 0.01328125
0 0.117578125 0.007421875 0.02734375 0.01484375
0 0.0046875 0.00546875 0.009375 0.0109375
0 0.005859375 0.005859375 0.01171875 0.01171875
0 0.0140625 0.0078125 0.028125 0.015625
0 0.066015625 0.007421875 0.01953125 0.01484375
0 0.109765625 0.007421875 0.02265625 0.01484375
0 0.19140625 0.01171875 0.03359375 0.0234375
0 0.280859375 0.008203125 0.02578125 0.01640625
0 0.36171875 0.006640625 0.034375 0.01328125
0 0.49765625 0.0078125 0.025 0.015625
0 0.478515625 0.00546875 0.02578125 0.0109375
0 0.51484375 0.01171875 0.01953125 0.02265625
0 0.32578125 0.046875 0.02734375 0.02734375
0 0.2234375 0.07734375 0.02109375 0.025
0 0.00546875 0.087890625 0.0109375 0.02421875
0 0.008984375 0.14609375 0.01796875 0.034375
0 0.05078125 0.1359375 0.03359375 0.0484375
0 0.16875 0.1328125 0.01796875 0.021875
0 0.23125 0.1328125 0.0375 0.0328125
0 0.15 0.20546875 0.028125 0.03515625
0 0.0078125 0.2625 0.015625 0.0234375
0 0.03671875 0.278125 0.0734375 0.05625
0 0.12734375 0.28984375 0.03046875 0.034375
0 0.21484375 0.3234375 0.03046875 0.0375
0 0.3234375 0.21875 0.021875 0.021875
0 0.3890625 0.16171875 0.02578125 0.028125
0 0.5015625 0.134375 0.04375 0.04609375
0 0.509375 0.2203125 0.01875 0.021875
0 0.43125 0.3125 0.025 0.0234375
0 0.53515625 0.3375 0.01171875 0.0234375
0 0.4078125 0.3359375 0.0234375 0.02421875
2 0.562890625 0.003515625 0.00703125 0.00703125
2 0.714453125 0.00703125 0.02734375 0.0140625
2 0.73359375 0.04765625 0.021875 0.0234375
2 0.56328125 0.0078125 0.0078125 0.015625
2 0.56484375 0.00703125 0.0109375 0.0140625
2 0.5671875 0.008984375 0.015625 0.01796875
2 0.564453125 0.071484375 0.01015625 0.02421875
2 0.563671875 0.0640625 0.00859375 0.015625
2 0.565625 0.126953125 0.0125 0.01640625
2 0.65703125 0.1484375 0.0140625 0.02109375
2 0.5625 0.104296875 0.00625 0.01796875
2 0.563671875 0.0921875 0.00859375 0.01875
2 0.565234375 0.090234375 0.01171875 0.01953125
2 0.56328125 0.201171875 0.0078125 0.01953125
2 0.563671875 0.173046875 0.00859375 0.01953125
2 0.56484375 0.175 0.0109375 0.0265625
2 0.563671875 0.005078125 0.00859375 0.01015625
2 0.565625 0.00546875 0.0125 0.0109375
2 0.562890625 0.0125 0.00703125 0.01875
2 0.56328125 0.120703125 0.0078125 0.01953125
2 0.564453125 0.20078125 0.01015625 0.01875
2 0.563671875 0.23984375 0.00859375 0.0171875
2 0.562890625 0.245703125 0.00703125 0.01640625
2 0.566796875 0.276953125 0.01484375 0.02265625
2 0.56328125 0.28203125 0.0078125 0.015625
2 0.56640625 0.2421875 0.0140625 0.025
2 0.562890625 0.295703125 0.00703125 0.01640625
2 0.5640625 0.338671875 0.009375 0.02265625
2 0.56328125 0.342578125 0.0078125 0.01484375
2 0.64375 0.2375 0.01875 0.0203125
2 0.753125 0.3125 0.034375 0.0296875
2 0.76640625 0.3484375 0.0203125 0.003125
2 0.567578125 0.328515625 0.01640625 0.02421875
2 0.41953125 0.3671875 0.02734375 0.028125
2 0.296484375 0.3546875 0.01796875 0.009375
2 0.137109375 0.376953125 0.09765625 0.05390625
2 0.054296875 0.35625 0.02578125 0.0125
2 0.08984375 0.3828125 0.03125 0.03203125
2 0.16953125 0.3921875 0.03359375 0.03359375
2 0.00703125 0.38515625 0.0140625 0.028125
2 0.21796875 0.55390625 0.0578125 0.06953125
2 0.00703125 0.548046875 0.0140625 0.03984375
2 0.0296875 0.61484375 0.0234375 0.028125
2 0.43125 0.525 0.01328125 0.0359375
2 0.3984375 0.65390625 0.0171875 0.01953125
2 0.40859375 0.7203125 0.0234375 0.0234375
2 0.3375 0.77109375 0.01796875 0.0234375
2 0.246875 0.734375 0.0203125 0.02421875
2 0.28203125 0.78203125 0.0359375 0.034375
2 0.16328125 0.7109375 0.0203125 0.01640625
2 0.053125 0.7625 0.01875 0.01953125
2 0.006640625 0.7125 0.01328125 0.0265625
2 0.00625 0.712890625 0.0125 0.01953125
2 0.41171875 0.96015625 0.0234375 0.02578125
2 0.3296875 0.9140625 0.02109375 0.021875
2 0.371875 0.96875 0.0171875 0.0171875
2 0.24921875 0.8609375 0.02421875 0.0171875
2 0.2046875 0.93046875 0.0203125 0.02109375
2 0.0234375 0.86796875 0.01953125 0.01953125
2 0.007421875 0.86171875 0.01484375 0.03125
2 0.1140625 0.94921875 0.03046875 0.0296875
2 0.00546875 0.973046875 0.0109375 0.01953125
2 0.00546875 0.9578125 0.0109375 0.0265625
0 0.98046875 0.43671875 0.034375 0.0359375
0 0.871875 0.48828125 0.0421875 0.034375
0 0.7578125 0.43515625 0.0265625 0.03046875
0 0.7546875 0.553125 0.03046875 0.03046875
0 0.78359375 0.70078125 0.05 0.04296875
0 0.921875 0.67109375 0.0203125 0.0234375
0 0.8671875 0.7625 0.025 0.025
0 0.96328125 0.86640625 0.01796875 0.0203125
0 0.86640625 0.95703125 0.0328125 0.0296875
0 0.8078125 0.9796875 0.021875 0.0234375
0 0.78671875 0.84609375 0.03046875 0.03359375
0 0.852734375 0.353515625 0.01015625 0.00703125