0 0.3828125 0.03125 0.01875 0.01796875
0 0.325 0.14609375 0.0421875 0.03125
0 0.5109375 0.1203125 0.02265625 0.03046875
0 0.5375 0.19453125 0.01640625 0.028125
0 0.72265625 0.09921875 0.01953125 0.02734375
0 0.68125 0.16484375 0.03359375 0.0390625
0 0.81484375 0.159375 0.0234375 0.0375
0 0.7625 0.21015625 0.040625 0.046875
0 0.81484375 0.26171875 0.0203125 0.0296875
0 0.8046875 0.3265625 0.02734375 0.03359375
0 0.72421875 0.325 0.0359375 0.02421875
0 0.540625 0.28515625 0.01953125 0.02109375
0 0.5875 0.3328125 0.02421875 0.03046875
0 0.60703125 0.36953125 0.02421875 0.02421875
0 0.57109375 0.41953125 0.02109375 0.021875
0 0.76015625 0.45390625 0.028125 0.0296875
0 0.22578125 0.26328125 0.03984375 0.05703125
0 0.33515625 0.28515625 0.02421875 0.02265625
0 0.4203125 0.321875 0.02109375 0.0296875
0 0.475 0.2953125 0.0234375 0.025
0 0.42578125 0.3953125 0.02421875 0.03203125
0 0.25390625 0.3875 0.02734375 0.02734375
0 0.35078125 0.44921875 0.0265625 0.03046875
0 0.46640625 0.51328125 0.0359375 0.028125
0 0.584375 0.5421875 0.04296875 0.04609375
0 0.69609375 0.56875 0.02421875 0.02890625
0 0.7625 0.625 0.021875 0.0234375
0 0.57734375 0.628125 0.01953125 0.02421875
0 0.28515625 0.609375 0.03515625 0.0375
0 0.25234375 0.6796875 0.03203125 0.04140625
0 0.22109375 0.77421875 0.021875 0.02734375
0 0.27890625 0.84140625 0.02578125 0.02890625
0 0.34140625 0.86640625 0.03203125 0.028125
0 0.43984375 0.696875 0.0125 0.02109375
0 0.44609375 0.7671875 0.0203125 0.02734375
0 0.54921875 0.74453125 0.0171875 0.02265625
0 0.6546875 0.71953125 0.02578125 0.02421875
0 0.6765625 0.74296875 0.0234375 0.02265625
0 0.4828125 0.83125 0.028125 0.028125
0 0.50078125 0.8875 0.01796875 0.02421875
0 0.553125 0.8453125 0.02890625 0.034375
0 0.634375 0.85 0.0265625 0.021875
0 0.5984375 0.89296875 0.02265625 0.028125
0 0.746875 0.82734375 0.01875 0.02421875
0 0.59453125 0.771875 0.028125 0.02734375
0 0.696875 0.90078125 0.0265625 0.02890625
0 0.796875 0.8078125 0.03046875 0.0359375