0 0.121875 0.004296875 0.01875 0.00859375
0 0.0640625 0.0078125 0.0421875 0.015625
0 0.249609375 0.007421875 0.02265625 0.01484375
0 0.276171875 0.00703125 0.01640625 0.0140625
0 0.461328125 0.006640625 0.01953125 0.01328125
0 0.419921875 0.009765625 0.03359375 0.01953125
0 0.4953125 0.01171875 0.028125 0.0234375
0 0.46328125 0.0953125 0.0359375 0.02421875
0 0.2796875 0.05546875 0.01953125 0.02109375
0 0.3265625 0.103125 0.02421875 0.03046875
0 0.34609375 0.13984375 0.02421875 0.02421875
0 0.31015625 0.18984375 0.02109375 0.021875
0 0.497265625 0.22421875 0.02421875 0.0296875
0 0.009765625 0.033203125 0.01953125 0.05703125
0 0.07421875 0.05546875 0.02421875 0.02265625
0 0.159375 0.0921875 0.02109375 0.0296875
0 0.2140625 0.065625 0.0234375 0.025
0 0.16484375 0.165625 0.02421875 0.03203125
0 0.006640625 0.157421875 0.01328125 0.02734375
0 0.08984375 0.21953125 0.0265625 0.03046875
0 0.20546875 0.28359375 0.0359375 0.028125
0 0.3234375 0.3125 0.04296875 0.04609375
0 0.43515625 0.3390625 0.02421875 0.02890625
0 0.5 0.3953125 0.01875 0.0234375
0 0.31640625 0.3984375 0.01953125 0.02421875
0 0.02421875 0.3796875 0.03515625 0.0375
0 0.0078125 0.449609375 0.015625 0.04140625
0 0.17890625 0.4671875 0.0125 0.02109375
0 0.18515625 0.5265625 0.0203125 0.00625
0 0.28828125 0.51484375 0.0171875 0.02265625
0 0.39375 0.48984375 0.02578125 0.02421875
0 0.415625 0.51328125 0.0234375 0.02265625
2 0.526953125 0.025 0.03515625 0.05
2 0.514453125 0.00625 0.01015625 0.0125
2 0.513671875 0.0046875 0.00859375 0.009375
2 0.5171875 0.009765625 0.015625 0.01953125
2 0.51484375 0.005859375 0.0109375 0.01171875
2 0.551171875 0.008203125 0.03046875 0.01640625
2 0.534765625 0.008984375 0.03671875 0.01796875
2 0.6609375 0.0078125 0.028125 0.015625
2 0.51796875 0.018359375 0.0171875 0.03671875
2 0.637109375 0.017578125 0.03046875 0.03515625
2 0.710546875 0.010546875 0.01640625 0.02109375
2 0.78828125 0.010546875 0.03125 0.02109375
2 0.516015625 0.178515625 0.01328125 0.03203125
2 0.521875 0.21484375 0.02265625 0.025
2 0.634375 0.15390625 0.05078125 0.02734375
2 0.76328125 0.23671875 0.03203125 0.03203125
2 0.7484375 0.30546875 0.07109375 0.06953125
2 0.514453125 0.34375 0.01015625 0.0234375
2 0.537890625 0.426171875 0.05703125 0.09140625
2 0.51875 0.483203125 0.01875 0.03046875
2 0.77890625 0.46328125 0.08046875 0.08359375
2 0.64609375 0.51015625 0.02734375 0.02578125
1 0.004296875 0.533984375 0.00859375 0.00859375
1 0.042578125 0.53828125 0.02265625 0.0171875
1 0.019140625 0.53515625 0.01953125 0.0109375
1 0.186328125 0.557421875 0.13046875 0.05546875
1 0.12421875 0.58046875 0.0171875 0.021875
1 0.287109375 0.534375 0.04609375 0.009375
1 0.2921875 0.534765625 0.0203125 0.01015625
1 0.406640625 0.534765625 0.02734375 0.01015625
1 0.397265625 0.544921875 0.05390625 0.03046875
1 0.35546875 0.67890625 0.01953125 0.021875
1 0.1421875 0.6671875 0.0265625 0.028125
1 0.005859375 0.66484375 0.01171875 0.0234375
1 0.01015625 0.7078125 0.01796875 0.01953125
1 0.0671875 0.71796875 0.0203125 0.01953125
1 0.1375 0.77109375 0.0234375 0.01875
1 0.171875 0.82890625 0.01875 0.01953125
1 0.27734375 0.746875 0.01953125 0.01875
1 0.228125 0.8390625 0.01640625 0.015625
1 0.446875 0.7453125 0.0171875 0.02578125
1 0.3953125 0.83125 0.12109375 0.06875
1 0.4296875 0.92265625 0.0125 0.01796875
1 0.35234375 0.984375 0.03203125 0.01484375
1 0.31015625 0.9421875 0.01328125 0.03046875
1 0.22734375 0.98515625 0.1828125 0.0296875
1 0.1625 0.9515625 0.01796875 0.01875
1 0.084375 0.9703125 0.0296875 0.028125
1 0.010546875 0.951171875 0.02109375 0.05703125
1 0.0125 0.89453125 0.025 0.0484375
1 0.003515625 0.8796875 0.00703125 0.03125
1 0.003515625 0.81640625 0.00703125 0.0171875
1 0.05078125 0.82734375 0.0125 0.02578125
1 0.059375 0.87578125 0.01328125 0.0140625
1 0.00703125 0.70625 0.0140625 0.028125
3 0.71484375 0.5390625 0.0375 0.01875
3 0.603515625 0.541015625 0.04296875 0.02265625
3 0.528515625 0.538671875 0.03359375 0.01796875
3 0.746484375 0.54140625 0.03828125 0.0234375
3 0.74921875 0.539453125 0.0375 0.01953125
3 0.8578125 0.541015625 0.0390625 0.02265625
3 0.949609375 0.53984375 0.03984375 0.0203125
3 0.923828125 0.540625 0.03828125 0.021875
3 0.79375 0.537890625 0.0359375 0.01640625
3 0.90859375 0.54609375 0.0328125 0.0328125
3 0.95703125 0.553125 0.034375 0.03671875
3 0.8734375 0.646875 0.01875 0.015625
3 0.64609375 0.538671875 0.0421875 0.01796875
3 0.55546875 0.56484375 0.04453125 0.0359375
3 0.519921875 0.671875 0.02109375 0.0421875
3 0.58359375 0.80390625 0.03359375 0.03359375
3 0.65078125 0.7859375 0.0421875 0.040625
3 0.7140625 0.7375 0.040625 0.03984375
3 0.517578125 0.87265625 0.01640625 0.0453125
3 0.86015625 0.7671875 0.04140625 0.04765625
3 0.97578125 0.83984375 0.0328125 0.040625
3 0.975 0.97421875 0.04375 0.04453125
3 0.853125 0.8953125 0.03125 0.0328125
3 0.79765625 0.9625 0.03203125 0.03515625
3 0.73671875 0.993359375 0.0234375 0.01328125
3 0.5859375 0.92265625 0.0359375 0.034375