0 0.36484375 0.15 0.04765625 0.03125
0 0.559375 0.13359375 0.034375 0.0359375
0 0.315625 0.22109375 0.040625 0.040625
0 0.48046875 0.259375 0.02734375 0.02265625
0 0.66796875 0.18515625 0.0421875 0.034375
0 0.78203125 0.13203125 0.0265625 0.03046875
0 0.78515625 0.25 0.03046875 0.03046875
0 0.75625 0.39765625 0.05 0.04296875
0 0.61796875 0.36796875 0.0203125 0.0234375
0 0.67265625 0.459375 0.025 0.025
0 0.51953125 0.3328125 0.0234375 0.01796875
0 0.4328125 0.44296875 0.02265625 0.01953125
0 0.3890625 0.4328125 0.0265625 0.0234375
0 0.3734375 0.5125 0.03125 0.0296875
0 0.403125 0.59296875 0.0484375 0.04296875
0 0.52734375 0.5171875 0.03125 0.025
0 0.5765625 0.56328125 0.01796875 0.0203125
0 0.2 0.6125 0.03125 0.03359375
0 0.36484375 0.6921875 0.02890625 0.028125
0 0.29609375 0.75234375 0.03359375 0.03125
0 0.4421875 0.771875 0.0265625 0.0296875
0 0.51796875 0.71171875 0.034375 0.04921875
0 0.6734375 0.65390625 0.0328125 0.0296875
0 0.73203125 0.6765625 0.021875 0.0234375
0 0.6890625 0.83359375 0.04140625 0.0390625
0 0.753125 0.54296875 0.03046875 0.03359375
0 0.825 0.7203125 0.01484375 0.03046875
0 0.79609375 0.8671875 0.04296875 0.03515625
0 0.54453125 0.8546875 0.03359375 0.02734375
0 0.62265625 0.95078125 0.02578125 0.0203125
0 0.33984375 0.9875 0.01875 0.02421875
0 0.68671875 0.01796875 0.01015625 0.0140625