0 0.31171875 0.0796875 0.028125 0.02421875
0 0.3859375 0.0765625 0.0203125 0.0265625
0 0.53984375 0.059375 0.02890625 0.0296875
0 0.4875 0.08671875 0.02421875 0.02734375
0 0.65703125 0.0484375 0.01796875 0.0296875
0 0.63515625 0.12734375 0.025 0.02109375
0 0.4765625 0.1609375 0.01875 0.02265625
0 0.26015625 0.1875 0.01328125 0.01796875
0 0.30078125 0.26171875 0.02578125 0.025
0 0.49453125 0.2109375 0.03203125 0.03203125
0 0.54921875 0.2375 0.02109375 0.02578125
0 0.61875 0.23515625 0.03359375 0.0328125
0 0.809375 0.04140625 0.02109375 0.02734375
0 0.82265625 0.09140625 0.0203125 0.02734375
0 0.73671875 0.084375 0.021875 0.02109375
0 0.69453125 0.11953125 0.04140625 0.03828125
0 0.734375 0.24921875 0.04296875 0.02890625
0 0.77109375 0.3171875 0.03984375 0.0390625
0 0.73828125 0.3796875 0.04609375 0.025
0 0.69375 0.34921875 0.0234375 0.0234375
0 0.528125 0.31171875 0.02890625 0.0328125
0 0.6 0.41953125 0.02890625 0.03203125
0 0.67734375 0.4484375 0.0203125 0.0265625
0 0.44765625 0.2953125 0.0265625 0.03828125
0 0.22265625 0.25078125 0.03828125 0.0453125
0 0.2671875 0.359375 0.034375 0.06484375
0 0.3890625 0.334375 0.02890625 0.03671875
0 0.33203125 0.39765625 0.03203125 0.0265625
0 0.40859375 0.40390625 0.02421875 0.025
0 0.3046875 0.54921875 0.02578125 0.02578125
0 0.425 0.49921875 0.04140625 0.04296875
0 0.4015625 0.5890625 0.02109375 0.01640625
0 0.3140625 0.63671875 0.0203125 0.01953125
0 0.2171875 0.640625 0.028125 0.0296875
0 0.5578125 0.50703125 0.06875 0.0484375
0 0.6625 0.5828125 0.028125 0.02578125
0 0.7765625 0.52890625 0.03359375 0.02734375
0 0.825 0.46640625 0.01484375 0.0140625
0 0.54296875 0.615625 0.0234375 0.0234375
0 0.7390625 0.67265625 0.025 0.02890625
0 0.7703125 0.79296875 0.0203125 0.02265625
0 0.665625 0.68046875 0.01953125 0.0203125
0 0.58359375 0.7265625 0.03359375 0.0328125
0 0.5421875 0.83359375 0.02421875 0.03203125
0 0.42578125 0.6859375 0.02890625 0.02421875
0 0.2453125 0.72890625 0.02421875 0.03125
0 0.371875 0.7734375 0.0296875 0.034375
0 0.33046875 0.93046875 0.034375 0.03125
0 0.4046875 0.87421875 0.02890625 0.02890625
0 0.40078125 0.92734375 0.02578125 0.02421875
0 0.51640625 0.940625 0.02890625 0.040625
0 0.6765625 0.87578125 0.025 0.03203125
0 0.73671875 0.8765625 0.021875 0.025
0 0.821875 0.921875 0.021875 0.03046875