0 0.271875 0.0578125 0.01875 0.028125
0 0.4234375 0.0515625 0.01875 0.028125
0 0.50625 0.08125 0.0265625 0.03359375
0 0.4421875 0.1015625 0.03046875 0.0265625
0 0.35078125 0.09453125 0.02109375 0.01953125
0 0.3109375 0.1296875 0.03984375 0.0390625
0 0.25078125 0.13671875 0.025 0.02109375
0 0.63671875 0.0796875 0.0234375 0.0265625
0 0.6296875 0.16015625 0.05546875 0.0359375
0 0.52578125 0.2109375 0.025 0.021875
0 0.6984375 0.16796875 0.0234375 0.03203125
0 0.784375 0.15703125 0.0125 0.01640625
0 0.78671875 0.26015625 0.0328125 0.03515625
0 0.66796875 0.27890625 0.02578125 0.02421875
0 0.2359375 0.24453125 0.0328125 0.034375
0 0.3515625 0.2578125 0.0421875 0.02890625
0 0.3890625 0.32578125 0.0390625 0.0390625
0 0.31171875 0.3578125 0.02421875 0.02265625
0 0.35625 0.3890625 0.04609375 0.02734375
0 0.4625 0.35390625 0.028125 0.03359375
0 0.51640625 0.32734375 0.021875 0.0265625
0 0.64375 0.38359375 0.028125 0.03359375
0 0.7453125 0.4578125 0.034375 0.028125
0 0.5140625 0.46875 0.0375 0.028125
0 0.21796875 0.42890625 0.028125 0.03203125
0 0.18828125 0.515625 0.04375 0.046875
0 0.2953125 0.45625 0.01953125 0.028125
0 0.28125 0.59140625 0.028125 0.0265625
0 0.39609375 0.5390625 0.034375 0.02734375
0 0.44296875 0.475 0.01484375 0.015625
0 0.515625 0.60703125 0.0234375 0.0296875
0 0.58828125 0.59453125 0.040625 0.04765625
0 0.625 0.51328125 0.021875 0.0265625
0 0.68046875 0.553125 0.028125 0.02421875
0 0.65234375 0.5890625 0.02578125 0.01875
0 0.72109375 0.62109375 0.025 0.028125
0 0.65234375 0.66953125 0.01875 0.0203125
0 0.60546875 0.6671875 0.034375 0.0296875
0 0.559375 0.69765625 0.02265625 0.02890625
0 0.46328125 0.68671875 0.034375 0.02578125
0 0.35703125 0.68125 0.028125 0.03046875
0 0.38984375 0.80234375 0.01796875 0.02421875
0 0.2953125 0.88515625 0.0265625 0.03203125
0 0.35625 0.884375 0.021875 0.02265625
0 0.4453125 0.92890625 0.034375 0.03125
0 0.2015625 0.73671875 0.0359375 0.03359375
0 0.284375 0.68984375 0.01875 0.02109375
0 0.55390625 0.81328125 0.03125 0.02734375
0 0.528125 0.85390625 0.01875 0.025
0 0.640625 0.83046875 0.03203125 0.0265625
0 0.7109375 0.84296875 0.03046875 0.0296875
0 0.75234375 0.7828125 0.03046875 0.03359375
0 0.68984375 0.90625 0.0375 0.046875