0 0.59609375 0.32421875 0.025 0.04609375
0 0.622265625 0.2796875 0.01484375 0.0234375
0 0.55625 0.1859375 0.03203125 0.02890625
0 0.52734375 0.26328125 0.0265625 0.0203125
0 0.606640625 0.00859375 0.04609375 0.0171875
0 0.578125 0.0078125 0.0265625 0.015625
0 0.571875 0.005859375 0.025 0.01171875
0 0.426171875 0.00625 0.02578125 0.0125
0 0.476171875 0.015625 0.04296875 0.03125
0 0.386328125 0.005078125 0.01640625 0.01015625
0 0.338671875 0.005078125 0.01953125 0.01015625
0 0.33515625 0.00703125 0.0296875 0.0140625
0 0.46875 0.14375 0.0484375 0.06875
0 0.39296875 0.2484375 0.02578125 0.028125
0 0.446875 0.3625 0.02734375 0.03359375
0 0.509375 0.40625 0.0140625 0.00625
0 0.36015625 0.12890625 0.0234375 0.0234375
0 0.303125 0.325 0.02890625 0.025
0 0.1828125 0.35625 0.02265625 0.0203125
0 0.2953125 0.2515625 0.0203125 0.01953125
0 0.24921875 0.16953125 0.0328125 0.03359375
0 0.1421875 0.128125 0.03203125 0.02421875
0 0.289453125 0.012890625 0.02421875 0.02578125
0 0.246875 0.005859375 0.03125 0.01171875
0 0.20234375 0.007421875 0.034375 0.01484375
0 0.0453125 0.00859375 0.03125 0.0171875
0 0.101171875 0.00703125 0.02890625 0.0140625
0 0.048046875 0.00625 0.02421875 0.0125
0 0.03515625 0.10234375 0.040625 0.02890625
0 0.1 0.2625 0.03203125 0.025
0 0.09921875 0.32265625 0.025 0.021875
0 0.053515625 0.403125 0.03046875 0.0125
1 0.965234375 0.009765625 0.01640625 0.01953125
1 0.95546875 0.2671875 0.02578125 0.0234375
1 0.93125 0.29765625 0.0234375 0.0265625
1 0.88125 0.2234375 0.0171875 0.01796875
1 0.83515625 0.22265625 0.0203125 0.01640625
1 0.75390625 0.23515625 0.05703125 0.0359375
1 0.7546875 0.12890625 0.01640625 0.01875
1 0.796875 0.02265625 0.02421875 0.01953125
1 0.71953125 0.05 0.021875 0.0171875
1 0.666015625 0.14765625 0.07265625 0.121875
1 0.694140625 0.007421875 0.02578125 0.01484375
1 0.826171875 0.00703125 0.03203125 0.0140625
1 0.702734375 0.00546875 0.02578125 0.0109375
1 0.635546875 0.005078125 0.01171875 0.01015625
1 0.63515625 0.006640625 0.0109375 0.01328125
1 0.635546875 0.00546875 0.01171875 0.0109375
1 0.639453125 0.007421875 0.01953125 0.01484375
1 0.640625 0.00546875 0.021875 0.0109375
1 0.63828125 0.0046875 0.0171875 0.009375
0 0.62109375 0.516015625 0.0171875 0.04609375
0 0.62109375 0.434375 0.0171875 0.03125
0 0.6015625 0.415625 0.025 0.0125
0 0.6046875 0.6828125 0.0296875 0.03515625
0 0.5390625 0.6421875 0.03984375 0.0453125
0 0.5421875 0.76875 0.0234375 0.021875
0 0.45859375 0.80859375 0.03359375 0.04296875
0 0.446875 0.6015625 0.03359375 0.03828125
0 0.50234375 0.5609375 0.01484375 0.01328125
0 0.354296875 0.416796875 0.03671875 0.01484375
0 0.3359375 0.434375 0.025 0.03828125
0 0.28203125 0.60234375 0.02578125 0.02109375
0 0.24140625 0.528125 0.02265625 0.01875
0 0.2296875 0.4296875 0.02421875 0.02734375
0 0.39765625 0.71484375 0.02734375 0.03515625
0 0.3375 0.9 0.02421875 0.02109375
0 0.253125 0.87734375 0.0375 0.0671875
0 0.22265625 0.78515625 0.0421875 0.03046875
0 0.21328125 0.66171875 0.03125 0.03046875
0 0.1734375 0.89609375 0.021875 0.02578125
0 0.071875 0.8890625 0.046875 0.0359375
0 0.11953125 0.66484375 0.04140625 0.03515625
0 0.08828125 0.74453125 0.0234375 0.01953125
0 0.06171875 0.6640625 0.02421875 0.03046875
0 0.1203125 0.414453125 0.0328125 0.01015625
0 0.1109375 0.49921875 0.046875 0.05546875
0 0.04765625 0.48515625 0.04453125 0.02734375
0 0.025 0.5453125 0.02890625 0.03046875
0 0.015625 0.60078125 0.0265625 0.02578125
0 0.0109375 0.41875 0.021875 0.01875
0 0.021875 0.83515625 0.025 0.01640625
0 0.0046875 0.762890625 0.009375 0.02421875
3 0.98515625 0.56328125 0.0296875 0.0328125
3 0.890625 0.60546875 0.0484375 0.0484375
3 0.989453125 0.825 0.02109375 0.0375
3 0.98203125 0.91484375 0.0328125 0.03203125
3 0.834375 0.7390625 0.0390625 0.0375
3 0.796875 0.63046875 0.0484375 0.04375
3 0.796875 0.85625 0.03671875 0.03359375
3 0.9578125 0.99140625 0.0359375 0.0171875
3 0.73046875 0.85234375 0.03984375 0.0375
3 0.72890625 0.959375 0.0265625 0.0296875
3 0.660546875 0.982421875 0.03515625 0.03515625
3 0.634375 0.86640625 0.009375 0.01875
3 0.75546875 0.72109375 0.040625 0.03984375
3 0.7046875 0.60078125 0.0296875 0.028125
3 0.69609375 0.5421875 0.04375 0.01328125
3 0.6390625 0.726171875 0.01875 0.03828125
3 0.6390625 0.809375 0.01875 0.0390625
3 0.6375 0.65546875 0.015625 0.0296875
3 0.637890625 0.85703125 0.01640625 0.0328125
3 0.6421875 0.742578125 0.025 0.04453125
3 0.6375 0.928125 0.015625 0.025
3 0.640234375 0.984375 0.02109375 0.03125
3 0.638671875 0.987890625 0.01796875 0.02421875
3 0.638671875 0.919140625 0.01796875 0.03203125
3 0.640625 0.819921875 0.021875 0.04140625
3 0.639453125 0.66171875 0.01953125 0.0421875
3 0.639453125 0.54921875 0.01953125 0.028125
3 0.640625 0.56171875 0.021875 0.046875
3 0.63515625 0.62421875 0.0109375 0.0203125
3 0.63984375 0.6765625 0.0203125 0.0359375