0 0.6015625 0.466796875 0.015625 0.02578125
0 0.5484375 0.28203125 0.0359375 0.05546875
0 0.49765625 0.3859375 0.021875 0.025
0 0.540625 0.21328125 0.03203125 0.0234375
0 0.5515625 0.12734375 0.01640625 0.0125
0 0.4484375 0.125 0.03515625 0.0328125
0 0.4296875 0.24375 0.02421875 0.02578125
0 0.3546875 0.44921875 0.03359375 0.028125
0 0.38125 0.3953125 0.0265625 0.021875
0 0.325 0.26796875 0.03359375 0.028125
0 0.25078125 0.16640625 0.028125 0.034375
0 0.23984375 0.39765625 0.028125 0.0375
0 0.23359375 0.46875 0.015625 0.01484375
0 0.1015625 0.39609375 0.0296875 0.0234375
0 0.1140625 0.3234375 0.04765625 0.040625
0 0.1953125 0.28671875 0.0265625 0.021875
0 0.15546875 0.23125 0.02421875 0.028125
0 0.11953125 0.259375 0.01875 0.02578125
0 0.0875 0.190625 0.028125 0.025
0 0.0390625 0.259375 0.0203125 0.01875
0 0.04140625 0.30625 0.0296875 0.034375
0 0.0125 0.351953125 0.025 0.02265625
0 0.021875 0.4484375 0.02578125 0.034375
0 0.0078125 0.464453125 0.015625 0.03046875
0 0.006640625 0.3578125 0.01328125 0.03125
0 0.00625 0.38359375 0.0125 0.01875
0 0.006640625 0.270703125 0.01328125 0.03203125
0 0.007421875 0.200390625 0.01484375 0.03046875
0 0.008203125 0.158984375 0.01640625 0.03046875
0 0.01171875 0.221875 0.0234375 0.0375
3 0.984375 0.43984375 0.03125 0.0359375
3 0.98359375 0.374609375 0.0328125 0.03984375
3 0.92578125 0.39453125 0.034375 0.02890625
3 0.991015625 0.297265625 0.01796875 0.03359375
3 0.90546875 0.25625 0.0484375 0.0484375
3 0.84765625 0.1234375 0.040625 0.0375
3 0.81171875 0.23125 0.04609375 0.04609375
3 0.76953125 0.14140625 0.04140625 0.0421875
3 0.71796875 0.26171875 0.0296875 0.0265625
3 0.71171875 0.33671875 0.04375 0.0453125
3 0.6359375 0.34609375 0.0453125 0.04140625
3 0.696875 0.43984375 0.04375 0.046875
3 0.61953125 0.45859375 0.0203125 0.0421875
3 0.620703125 0.3421875 0.02265625 0.040625
3 0.619921875 0.431640625 0.02109375 0.03671875
3 0.61875 0.465234375 0.01875 0.02890625
3 0.618359375 0.46875 0.01796875 0.021875
3 0.62109375 0.3765625 0.0234375 0.0453125
3 0.619140625 0.316015625 0.01953125 0.03515625
3 0.61875 0.338671875 0.01875 0.03671875
3 0.617578125 0.20859375 0.01640625 0.0296875
3 0.621875 0.120703125 0.025 0.04609375
3 0.61875 0.201171875 0.01875 0.04140625
3 0.6203125 0.3 0.021875 0.046875
3 0.614453125 0.2375 0.01015625 0.021875
3 0.619140625 0.1859375 0.01953125 0.0359375
3 0.61953125 0.137890625 0.0203125 0.03828125
3 0.617578125 0.068359375 0.01640625 0.01328125
2 0.605859375 0.748046875 0.00703125 0.03359375
2 0.58203125 0.63984375 0.021875 0.028125
2 0.596484375 0.484375 0.02421875 0.009375
2 0.571875 0.484765625 0.0234375 0.01015625
2 0.54140625 0.48671875 0.0234375 0.0140625
2 0.521484375 0.483203125 0.01953125 0.00703125
2 0.5015625 0.55625 0.02109375 0.028125
2 0.487109375 0.4953125 0.02578125 0.03125
2 0.52265625 0.63671875 0.01328125 0.0125
2 0.49609375 0.73828125 0.028125 0.03671875
2 0.5328125 0.91640625 0.02109375 0.021875
2 0.46796875 0.884375 0.02734375 0.02578125
2 0.3671875 0.7734375 0.02578125 0.021875
2 0.36640625 0.64921875 0.0234375 0.01953125
2 0.3859375 0.546875 0.0484375 0.0546875
2 0.39140625 0.4859375 0.0234375 0.0125
2 0.25078125 0.64921875 0.04296875 0.04609375
2 0.21015625 0.79921875 0.02421875 0.0203125
2 0.19765625 0.896875 0.02109375 0.01875
2 0.10859375 0.78203125 0.0265625 0.021875
2 0.2140625 0.5296875 0.0234375 0.0265625
2 0.20546875 0.4859375 0.034375 0.0125
2 0.103515625 0.485546875 0.02578125 0.01171875
2 0.0984375 0.59296875 0.08359375 0.0859375
2 0.032421875 0.483984375 0.02109375 0.00859375
2 0.0125 0.733984375 0.025 0.04296875
2 0.007421875 0.6359375 0.01484375 0.025
2 0.005859375 0.843359375 0.01171875 0.02109375
2 0.010546875 0.69296875 0.02109375 0.034375
2 0.006640625 0.545703125 0.01328125 0.02109375
2 0.009765625 0.507421875 0.01953125 0.03359375
2 0.00625 0.4859375 0.0125 0.0125
1 0.99609375 0.961328125 0.0078125 0.02265625
1 0.91953125 0.98515625 0.021875 0.01953125
1 0.8921875 0.81796875 0.1109375 0.13046875
1 0.83359375 0.88046875 0.021875 0.0171875
1 0.91875 0.7171875 0.01953125 0.04609375
1 0.992578125 0.7125 0.01484375 0.0203125
1 0.996875 0.597265625 0.00625 0.02734375
1 0.93671875 0.60703125 0.0609375 0.05390625
1 0.73515625 0.64921875 0.021875 0.01953125
1 0.746875 0.8625 0.028125 0.0265625
1 0.705859375 0.992578125 0.01953125 0.01484375
1 0.69609375 0.9375 0.01953125 0.0203125
1 0.64296875 0.8671875 0.01875 0.0234375
1 0.6140625 0.8328125 0.009375 0.01875
1 0.6671875 0.72734375 0.01875 0.01953125
1 0.61328125 0.776171875 0.0078125 0.01640625
1 0.66875 0.5578125 0.02578125 0.0171875
1 0.6265625 0.608984375 0.034375 0.12109375
1 0.613671875 0.575 0.00859375 0.0125
1 0.612890625 0.651953125 0.00703125 0.03203125
1 0.615234375 0.644921875 0.01171875 0.02421875
1 0.616796875 0.694140625 0.01484375 0.01328125
1 0.631640625 0.77734375 0.04453125 0.1828125
1 0.6140625 0.841796875 0.009375 0.01796875
1 0.61640625 0.9203125 0.0140625 0.0296875
1 0.61484375 0.962109375 0.0109375 0.03515625
1 0.613671875 0.92578125 0.00859375 0.0265625
1 0.615625 0.95390625 0.0125 0.0125
1 0.612890625 0.944921875 0.00703125 0.01328125
1 0.615234375 0.99296875 0.01171875 0.0140625
1 0.614453125 0.968359375 0.01015625 0.01796875
1 0.628515625 0.89453125 0.03828125 0.06875
1 0.62890625 0.84921875 0.0390625 0.0390625
1 0.615625 0.79140625 0.0125 0.0234375
1 0.61484375 0.78125 0.0109375 0.0234375
1 0.617578125 0.759765625 0.01640625 0.02421875
1 0.617578125 0.6390625 0.01640625 0.03125
1 0.613671875 0.68125 0.00859375 0.015625
1 0.616796875 0.557421875 0.01484375 0.01796875