0 0.29375 0.690625 0.0234375 0.0265625
0 0.30078125 0.61015625 0.05546875 0.0359375
0 0.40078125 0.559375 0.0171875 0.021875
0 0.23203125 0.60234375 0.0234375 0.03203125
0 0.14609375 0.61328125 0.0125 0.01640625
0 0.14375 0.51015625 0.0328125 0.03515625
0 0.2625 0.49140625 0.02578125 0.02421875
0 0.40625 0.44296875 0.00625 0.0265625
0 0.28671875 0.38671875 0.028125 0.03359375
0 0.18515625 0.3125 0.034375 0.028125
0 0.403515625 0.3015625 0.01171875 0.028125
0 0.40625 0.16328125 0.00625 0.0296875
0 0.3421875 0.17578125 0.040625 0.04765625
0 0.30546875 0.25703125 0.021875 0.0265625
0 0.25 0.2171875 0.028125 0.02421875
0 0.278125 0.18125 0.02578125 0.01875
0 0.209375 0.14921875 0.025 0.028125
0 0.278125 0.10078125 0.01875 0.0203125
0 0.325 0.103125 0.034375 0.0296875
0 0.37109375 0.07265625 0.02265625 0.02890625
0 0.3765625 0.006640625 0.03125 0.01328125
0 0.401171875 0.00625 0.01640625 0.0125
0 0.289453125 0.006640625 0.03203125 0.01328125
0 0.219140625 0.007421875 0.03046875 0.01484375
0 0.177734375 0.008203125 0.03046875 0.01640625
0 0.240625 0.01171875 0.0375 0.0234375
1 0.78671875 0.7078125 0.0203125 0.0203125
1 0.82890625 0.66640625 0.02265625 0.0234375
1 0.75234375 0.70078125 0.02109375 0.0140625
1 0.64375 0.73671875 0.01875 0.00625
1 0.5609375 0.734375 0.0171875 0.0109375
1 0.9515625 0.721875 0.0375 0.03203125
1 0.465625 0.729296875 0.028125 0.02109375
1 0.5015625 0.640625 0.0171875 0.01640625
1 0.415625 0.7234375 0.0125 0.0265625
1 0.416796875 0.61953125 0.01484375 0.0296875
1 0.414453125 0.546875 0.01015625 0.028125
1 0.559375 0.57578125 0.01640625 0.01640625
1 0.61953125 0.5921875 0.0171875 0.02109375
1 0.63125 0.55859375 0.0265625 0.02109375
1 0.5546875 0.53984375 0.01484375 0.015625
1 0.875 0.46328125 0.01953125 0.02421875
1 0.83359375 0.43359375 0.0234375 0.0234375
1 0.7734375 0.46953125 0.021875 0.01953125
1 0.66875 0.5 0.01640625 0.01875
1 0.59296875 0.403125 0.0171875 0.01953125
1 0.9546875 0.31953125 0.0171875 0.01953125
1 0.921875 0.2484375 0.025 0.02734375
1 0.75859375 0.2828125 0.02109375 0.028125
1 0.63359375 0.26796875 0.0203125 0.0234375
1 0.740625 0.18203125 0.03046875 0.03046875
1 0.91015625 0.17421875 0.02890625 0.028125
1 0.97578125 0.16015625 0.01953125 0.01953125
1 0.94609375 0.09453125 0.0234375 0.021875
1 0.8953125 0.08828125 0.02421875 0.025
1 0.73515625 0.12109375 0.02265625 0.02265625
1 0.6375 0.16171875 0.01875 0.01875
1 0.65859375 0.209375 0.02109375 0.028125
1 0.59609375 0.20078125 0.0203125 0.0328125
1 0.8484375 0.04140625 0.0203125 0.0203125
1 0.6109375 0.03203125 0.02734375 0.02421875
1 0.5671875 0.12421875 0.02734375 0.021875
1 0.540625 0.1625 0.0171875 0.015625
1 0.4421875 0.284375 0.01484375 0.0203125
1 0.412890625 0.276953125 0.00703125 0.01796875
1 0.4515625 0.1453125 0.02109375 0.02109375
1 0.45703125 0.06875 0.02109375 0.0203125
1 0.415234375 0.08125 0.01171875 0.0203125
1 0.628125 0.36484375 0.02109375 0.025
1 0.415234375 0.371484375 0.01171875 0.01953125
1 0.50859375 0.5078125 0.0265625 0.02578125
1 0.4546875 0.50234375 0.01640625 0.0171875
1 0.41484375 0.500390625 0.0109375 0.02734375
1 0.5625 0.3609375 0.0140625 0.01875
1 0.754296875 0.00703125 0.02421875 0.0140625
1 0.69609375 0.00546875 0.0234375 0.0109375
1 0.643359375 0.0046875 0.02265625 0.009375
1 0.494921875 0.00625 0.02265625 0.0125
1 0.586328125 0.00703125 0.01953125 0.0140625
1 0.412109375 0.075 0.00546875 0.0234375
1 0.894140625 0.00546875 0.01640625 0.0109375
1 0.27890625 0.91328125 0.01875 0.0203125
1 0.20703125 0.8140625 0.0203125 0.01953125
1 0.29453125 0.74453125 0.0203125 0.009375
1 0.23984375 0.74609375 0.0234375 0.0125
1 0.209375 0.745703125 0.0265625 0.01171875
1 0.283203125 0.744140625 0.01796875 0.00859375
1 0.283984375 0.744921875 0.01640625 0.01015625
1 0.271875 0.75390625 0.0359375 0.028125
1 0.378125 0.74375 0.01875 0.0078125
1 0.35390625 0.769921875 0.1109375 0.06015625
0 0.934765625 0.990234375 0.03203125 0.01953125
0 0.9671875 0.9578125 0.03984375 0.028125
0 0.803125 0.9125 0.015625 0.015625
0 0.803125 0.94140625 0.046875 0.08671875
0 0.59921875 0.91328125 0.034375 0.021875
0 0.5984375 0.86484375 0.040625 0.05859375
0 0.53046875 0.76953125 0.0140625 0.0390625
0 0.5828125 0.7453125 0.015625 0.0109375
0 0.67578125 0.750390625 0.046875 0.02109375
0 0.775390625 0.75234375 0.03046875 0.025
0 0.8921875 0.871875 0.03515625 0.02578125
0 0.97890625 0.75859375 0.0265625 0.0203125
0 0.88046875 0.747265625 0.0203125 0.01484375
0 0.823828125 0.75 0.03515625 0.0203125
0 0.921875 0.745703125 0.0234375 0.01171875
0 0.96015625 0.81796875 0.03828125 0.034375